3997.70000	0.0025556441
3996.70010	0.0023099345
3995.70020	0.0019036166
3994.70030	0.0014271782
3993.70040	0.0009529307
3992.70050	0.0005166066
3991.70060	0.0000841224
3990.70070	-0.0003760401
3989.70080	-0.0008412790
3988.70090	-0.0012425319
3987.70100	-0.0014147890
3986.70110	-0.0012869502
3985.70120	-0.0010408548
3984.70130	-0.0007927896
3983.70140	-0.0005825923
3982.70150	-0.0003982316
3981.70160	-0.0001717687
3980.70170	0.0001261261
3979.70180	0.0004590259
3978.70190	0.0007533458
3977.70200	0.0009230312
3976.70210	0.0009754650
3975.70220	0.0010015463
3974.70230	0.0010642544
3973.70240	0.0011783139
3972.70250	0.0012901614
3971.70260	0.0013152896
3970.70270	0.0012106969
3969.70280	0.0009798334
3968.70290	0.0007014514
3967.70300	0.0004605475
3966.70310	0.0003011972
3965.70320	0.0002400896
3964.70330	0.0002401314
3963.70340	0.0002903804
3962.70350	0.0004027915
3961.70360	0.0005765760
3960.70370	0.0007364049
3959.70380	0.0008004957
3958.70390	0.0007325292
3957.70400	0.0005341425
3956.70410	0.0003214744
3955.70420	0.0001638809
3954.70430	0.0000588671
3953.70440	0.0000096874
3952.70450	0.0000121266
3951.70460	0.0000590445
3950.70470	0.0001197900
3949.70480	0.0001744000
3948.70490	0.0001839776
3947.70500	0.0001103049
3946.70510	-0.0000795542
3945.70520	-0.0003892141
3944.70530	-0.0007669321
3943.70540	-0.0011415391
3942.70550	-0.0014289551
3941.70560	-0.0015528564
3940.70570	-0.0015019516
3939.70580	-0.0013150712
3938.70590	-0.0010764768
3937.70600	-0.0009150028
3936.70610	-0.0008797199
3935.70620	-0.0009154828
3934.70630	-0.0009104041
3933.70640	-0.0008611395
3932.70650	-0.0007139893
3931.70660	-0.0004462681
3930.70670	-0.0000977092
3929.70680	0.0003007989
3928.70690	0.0006246147
3927.70700	0.0007827124
3926.70710	0.0006914658
3925.70720	0.0002978212
3924.70730	-0.0003250059
3923.70740	-0.0010195040
3922.70751	-0.0016354552
3921.70761	-0.0020410812
3920.70771	-0.0022277087
3919.70781	-0.0022398988
3918.70791	-0.0021220341
3917.70801	-0.0019293673
3916.70811	-0.0016587577
3915.70821	-0.0013806788
3914.70831	-0.0011841423
3913.70841	-0.0011898767
3912.70851	-0.0014507214
3911.70861	-0.0019166293
3910.70871	-0.0024291961
3909.70881	-0.0028009599
3908.70891	-0.0029581729
3907.70901	-0.0027777529
3906.70911	-0.0023960937
3905.70921	-0.0017901759
3904.70931	-0.0012843541
3903.70941	-0.0010208677
3902.70951	-0.0009825284
3901.70961	-0.0012168459
3900.70971	-0.0014858939
3899.70981	-0.0017630579
3898.70991	-0.0019468693
3897.71001	-0.0020756223
3896.71011	-0.0021479158
3895.71021	-0.0022049712
3894.71031	-0.0022029793
3893.71041	-0.0021106412
3892.71051	-0.0019368629
3891.71061	-0.0016856176
3890.71071	-0.0015207693
3889.71081	-0.0014448711
3888.71091	-0.0014424359
3887.71101	-0.0015020706
3886.71111	-0.0014780724
3885.71121	-0.0014112848
3884.71131	-0.0013975663
3883.71141	-0.0013437385
3882.71151	-0.0013332078
3881.71161	-0.0012917558
3880.71171	-0.0011578928
3879.71181	-0.0010707504
3878.71191	-0.0011039774
3877.71201	-0.0011812205
3876.71211	-0.0012897300
3875.71221	-0.0014045468
3874.71231	-0.0014450887
3873.71241	-0.0015233484
3872.71251	-0.0015970774
3871.71261	-0.0017081558
3870.71271	-0.0018243763
3869.71281	-0.0020052034
3868.71291	-0.0021680596
3867.71301	-0.0021050845
3866.71311	-0.0018046106
3865.71321	-0.0012278537
3864.71331	-0.0006217634
3863.71341	-0.0002961984
3862.71351	-0.0003563632
3861.71361	-0.0008722182
3860.71371	-0.0015719305
3859.71381	-0.0022078329
3858.71391	-0.0026916538
3857.71401	-0.0027534745
3856.71411	-0.0027352599
3855.71421	-0.0022486243
3854.71431	-0.0017849841
3853.71441	-0.0015045777
3852.71451	-0.0009812990
3851.71461	-0.0009923473
3850.71471	-0.0006455371
3849.71481	-0.0004527502
3848.71491	-0.0004581893
3847.71501	-0.0006248591
3846.71511	-0.0012149633
3845.71521	-0.0018494389
3844.71531	-0.0024230960
3843.71541	-0.0026618021
3842.71551	-0.0025535347
3841.71561	-0.0022001322
3840.71571	-0.0017834145
3839.71581	-0.0014474426
3838.71591	-0.0013015175
3837.71601	-0.0012080814
3836.71611	-0.0011842086
3835.71621	-0.0010160571
3834.71631	-0.0006802476
3833.71641	-0.0003198501
3832.71651	0.0000113083
3831.71661	0.0001653914
3830.71671	0.0001879216
3829.71681	0.0001938655
3828.71691	0.0003045938
3827.71701	0.0005192764
3826.71711	0.0008356698
3825.71721	0.0010232325
3824.71731	0.0010685641
3823.71741	0.0009365481
3822.71751	0.0008240081
3821.71761	0.0006577672
3820.71771	0.0004511254
3819.71781	0.0003454500
3818.71791	0.0002645226
3817.71801	0.0003202469
3816.71811	0.0005006885
3815.71821	0.0005954161
3814.71831	0.0006058770
3813.71841	0.0005543880
3812.71851	0.0003799497
3811.71861	0.0002596430
3810.71871	0.0001472426
3809.71881	0.0002332443
3808.71891	0.0004997542
3807.71901	0.0008718654
3806.71911	0.0012713756
3805.71921	0.0013954797
3804.71931	0.0013010548
3803.71941	0.0011172785
3802.71951	0.0008679587
3801.71961	0.0007553508
3800.71971	0.0007486693
3799.71981	0.0004726087
3798.71991	0.0002456201
3797.72001	-0.0001407436
3796.72011	-0.0005960775
3795.72021	-0.0009544305
3794.72031	-0.0012831393
3793.72041	-0.0014547902
3792.72051	-0.0014260398
3791.72061	-0.0011812439
3790.72071	-0.0008107204
3789.72081	-0.0004039246
3788.72091	-0.0001403030
3787.72101	-0.0000680640
3786.72111	-0.0001531189
3785.72121	-0.0002870983
3784.72131	-0.0003550577
3783.72141	-0.0003386071
3782.72151	-0.0002667459
3781.72161	-0.0001801534
3780.72171	-0.0000867079
3779.72181	-0.0000557966
3778.72191	-0.0002162017
3777.72201	-0.0005858115
3776.72211	-0.0012545019
3775.72221	-0.0019931991
3774.72231	-0.0025683821
3773.72241	-0.0027822084
3772.72252	-0.0023349936
3771.72262	-0.0015830647
3770.72272	-0.0006341568
3769.72282	0.0001999166
3768.72292	0.0006756508
3767.72302	0.0009200407
3766.72312	0.0008834774
3765.72322	0.0007299435
3764.72332	0.0005224548
3763.72342	0.0003475676
3762.72352	0.0002602561
3761.72362	0.0002740301
3760.72372	0.0003660572
3759.72382	0.0003921878
3758.72392	0.0003103007
3757.72402	0.0000356358
3756.72412	-0.0004107523
3755.72422	-0.0008657274
3754.72432	-0.0013361396
3753.72442	-0.0015537177
3752.72452	-0.0015263385
3751.72462	-0.0012464374
3750.72472	-0.0007239165
3749.72482	-0.0004853568
3748.72492	-0.0003110611
3747.72502	-0.0003542785
3746.72512	-0.0006092485
3745.72522	-0.0006219519
3744.72532	-0.0005899511
3743.72542	-0.0005796639
3742.72552	-0.0002768715
3741.72562	-0.0002282989
3740.72572	-0.0000527129
3739.72582	0.0002939712
3738.72592	0.0006710624
3737.72602	0.0014448342
3736.72612	0.0022365290
3735.72622	0.0030284494
3734.72632	0.0035974863
3733.72642	0.0038050790
3732.72652	0.0037374697
3731.72662	0.0034882240
3730.72672	0.0032689166
3729.72682	0.0031708828
3728.72692	0.0032989345
3727.72702	0.0034808915
3726.72712	0.0036287496
3725.72722	0.0036615974
3724.72732	0.0035444668
3723.72742	0.0033012768
3722.72752	0.0029126813
3721.72762	0.0025288276
3720.72772	0.0022432467
3719.72782	0.0021172087
3718.72792	0.0021433090
3717.72802	0.0022283995
3716.72812	0.0023236910
3715.72822	0.0022850349
3714.72832	0.0022291609
3713.72842	0.0020639400
3712.72852	0.0019779983
3711.72862	0.0019511142
3710.72872	0.0019376352
3709.72882	0.0020111816
3708.72892	0.0020060486
3707.72902	0.0020650649
3706.72912	0.0021480399
3705.72922	0.0023337216
3704.72932	0.0026094967
3703.72942	0.0029173456
3702.72952	0.0031845130
3701.72962	0.0032487328
3700.72972	0.0031028637
3699.72982	0.0026933786
3698.72992	0.0022122983
3697.73002	0.0018454586
3696.73012	0.0016432354
3695.73022	0.0016731162
3694.73032	0.0017306077
3693.73042	0.0017644393
3692.73052	0.0015904434
3691.73062	0.0013526480
3690.73072	0.0009471200
3689.73082	0.0005312881
3688.73092	0.0002148786
3687.73102	-0.0001847795
3686.73112	-0.0002706327
3685.73122	-0.0003344608
3684.73132	-0.0002044350
3683.73142	0.0000120495
3682.73152	0.0001175555
3681.73162	0.0001958068
3680.73172	0.0002086407
3679.73182	0.0002854814
3678.73192	0.0005121768
3677.73202	0.0008088603
3676.73212	0.0009146526
3675.73222	0.0008465743
3674.73232	0.0004409362
3673.73242	-0.0000391589
3672.73252	-0.0003750092
3671.73262	-0.0005627414
3670.73272	-0.0004993797
3669.73282	-0.0003671912
3668.73292	-0.0004938090
3667.73302	-0.0006703472
3666.73312	-0.0010113843
3665.73322	-0.0012853424
3664.73332	-0.0011889247
3663.73342	-0.0010097201
3662.73352	-0.0006093694
3661.73362	-0.0002144562
3660.73372	0.0001495685
3659.73382	0.0003883130
3658.73392	0.0005282380
3657.73402	0.0005068987
3656.73412	0.0004082974
3655.73422	0.0002840326
3654.73432	0.0001613315
3653.73442	0.0002306369
3652.73452	0.0004610854
3651.73462	0.0008735280
3650.73472	0.0013674382
3649.73482	0.0016193399
3648.73492	0.0016954138
3647.73502	0.0014491290
3646.73512	0.0011081897
3645.73522	0.0007913696
3644.73532	0.0005421398
3643.73542	0.0005090924
3642.73552	0.0004412155
3641.73562	0.0003556541
3640.73572	0.0001988016
3639.73582	0.0000656296
3638.73592	0.0000016001
3637.73602	0.0000554715
3636.73612	0.0001120882
3635.73622	0.0001429340
3634.73632	0.0001840367
3633.73642	0.0003234961
3632.73652	0.0005961620
3631.73662	0.0011055204
3630.73672	0.0015349709
3629.73682	0.0018525841
3628.73692	0.0018451440
3627.73702	0.0014437858
3626.73712	0.0009394863
3625.73722	0.0003465663
3624.73732	0.0000552735
3623.73742	0.0000281264
3622.73753	0.0002659911
3621.73763	0.0006195679
3620.73773	0.0008945253
3619.73783	0.0010291594
3618.73793	0.0008632386
3617.73803	0.0005770467
3616.73813	0.0002010232
3615.73823	-0.0001220603
3614.73833	-0.0002717861
3613.73843	-0.0004253407
3612.73853	-0.0005758133
3611.73863	-0.0007540056
3610.73873	-0.0009060147
3609.73883	-0.0009959738
3608.73893	-0.0010409828
3607.73903	-0.0009148872
3606.73913	-0.0006923277
3605.73923	-0.0003211593
3604.73933	0.0000770321
3603.73943	0.0003331846
3602.73953	0.0003813012
3601.73963	0.0001505082
3600.73973	-0.0002382935
3599.73983	-0.0006065405
3598.73993	-0.0008069430
3597.74003	-0.0007624260
3596.74013	-0.0005717169
3595.74023	-0.0004400167
3594.74033	-0.0004686031
3593.74043	-0.0007168678
3592.74053	-0.0010726349
3591.74063	-0.0013622120
3590.74073	-0.0015545071
3589.74083	-0.0015429994
3588.74093	-0.0014798205
3587.74103	-0.0015141655
3586.74113	-0.0016498680
3585.74123	-0.0021001059
3584.74133	-0.0025340104
3583.74143	-0.0028713318
3582.74153	-0.0030157764
3581.74163	-0.0028400137
3580.74173	-0.0026148749
3579.74183	-0.0024033622
3578.74193	-0.0023496642
3577.74203	-0.0024569938
3576.74213	-0.0025517331
3575.74223	-0.0025221505
3574.74233	-0.0023309288
3573.74243	-0.0020395115
3572.74253	-0.0018120522
3571.74263	-0.0017006000
3570.74273	-0.0016259711
3569.74283	-0.0015172539
3568.74293	-0.0013357142
3567.74303	-0.0011427851
3566.74313	-0.0011542829
3565.74323	-0.0013293598
3564.74333	-0.0016796093
3563.74343	-0.0020625880
3562.74353	-0.0023596215
3561.74363	-0.0026578228
3560.74373	-0.0029590481
3559.74383	-0.0032505689
3558.74393	-0.0034404502
3557.74403	-0.0034282247
3556.74413	-0.0031054858
3555.74423	-0.0025973066
3554.74433	-0.0019443232
3553.74443	-0.0013431022
3552.74453	-0.0009267777
3551.74463	-0.0007970752
3550.74473	-0.0010331096
3549.74483	-0.0015006147
3548.74493	-0.0021190597
3547.74503	-0.0027603495
3546.74513	-0.0033362913
3545.74523	-0.0038278771
3544.74533	-0.0041723796
3543.74543	-0.0042972071
3542.74553	-0.0041624731
3541.74563	-0.0037426462
3540.74573	-0.0031592774
3539.74583	-0.0025593929
3538.74593	-0.0020580369
3537.74603	-0.0017123942
3536.74613	-0.0014616710
3535.74623	-0.0012468820
3534.74633	-0.0010423010
3533.74643	-0.0008597678
3532.74653	-0.0007016950
3531.74663	-0.0005504194
3530.74673	-0.0003785798
3529.74683	-0.0001381163
3528.74693	0.0001000627
3527.74703	0.0002615622
3526.74713	0.0002440657
3525.74723	-0.0000434256
3524.74733	-0.0004930032
3523.74743	-0.0010378136
3522.74753	-0.0015308447
3521.74763	-0.0018979097
3520.74773	-0.0021240371
3519.74783	-0.0022353895
3518.74793	-0.0023039125
3517.74803	-0.0023566661
3516.74813	-0.0023979864
3515.74823	-0.0024353620
3514.74833	-0.0024757122
3513.74843	-0.0024836292
3512.74853	-0.0023978506
3511.74863	-0.0022049767
3510.74873	-0.0019093177
3509.74883	-0.0015732702
3508.74893	-0.0012773266
3507.74903	-0.0010437351
3506.74913	-0.0008933238
3505.74923	-0.0007989665
3504.74933	-0.0007297377
3503.74943	-0.0007345445
3502.74953	-0.0008557037
3501.74963	-0.0010289284
3500.74973	-0.0012665625
3499.74983	-0.0015120811
3498.74993	-0.0017322906
3497.75003	-0.0018600010
3496.75013	-0.0018434530
3495.75023	-0.0017392717
3494.75033	-0.0015479960
3493.75043	-0.0012603626
3492.75053	-0.0008757753
3491.75063	-0.0004196110
3490.75073	0.0000514261
3489.75083	0.0004357528
3488.75093	0.0006317975
3487.75103	0.0005417198
3486.75113	0.0002201346
3485.75123	-0.0002112905
3484.75133	-0.0006312916
3483.75143	-0.0009337474
3482.75153	-0.0011375444
3481.75163	-0.0012705111
3480.75173	-0.0013204707
3479.75183	-0.0012721586
3478.75193	-0.0011242910
3477.75203	-0.0008733260
3476.75213	-0.0005715537
3475.75223	-0.0002662092
3474.75233	-0.0001199478
3473.75243	-0.0002474150
3472.75254	-0.0005557715
3471.75264	-0.0009539028
3470.75274	-0.0011926248
3469.75284	-0.0011192433
3468.75294	-0.0007914664
3467.75304	-0.0002883719
3466.75314	0.0001652754
3465.75324	0.0004352721
3464.75334	0.0004740973
3463.75344	0.0003006109
3462.75354	0.0000299001
3461.75364	-0.0002118242
3460.75374	-0.0002931424
3459.75384	-0.0002127051
3458.75394	-0.0000434867
3457.75404	0.0000783806
3456.75414	0.0000051872
3455.75424	-0.0003052046
3454.75434	-0.0008571311
3453.75444	-0.0014445285
3452.75454	-0.0018757188
3451.75464	-0.0021004884
3450.75474	-0.0020698544
3449.75484	-0.0019482024
3448.75494	-0.0018075154
3447.75504	-0.0016743226
3446.75514	-0.0015480232
3445.75524	-0.0013671491
3444.75534	-0.0011002158
3443.75544	-0.0007238322
3442.75554	-0.0002469476
3441.75564	0.0002426734
3440.75574	0.0006867897
3439.75584	0.0010378938
3438.75594	0.0012736602
3437.75604	0.0014088373
3436.75614	0.0014417974
3435.75624	0.0013587914
3434.75634	0.0011072905
3433.75644	0.0006335126
3432.75654	0.0000623738
3431.75664	-0.0003816463
3430.75674	-0.0004880846
3429.75684	-0.0000753087
3428.75694	0.0006712998
3427.75704	0.0015158548
3426.75714	0.0021525265
3425.75724	0.0023276652
3424.75734	0.0021652780
3423.75744	0.0017756321
3422.75754	0.0014727562
3421.75764	0.0014694950
3420.75774	0.0015969484
3419.75784	0.0017479769
3418.75794	0.0018179916
3417.75804	0.0017575178
3416.75814	0.0017163064
3415.75824	0.0017570994
3414.75834	0.0018268311
3413.75844	0.0018657140
3412.75854	0.0017787004
3411.75864	0.0015893135
3410.75874	0.0014527199
3409.75884	0.0014354199
3408.75894	0.0015176922
3407.75904	0.0015562990
3406.75914	0.0013376130
3405.75924	0.0008556620
3404.75934	0.0002176835
3403.75944	-0.0003650570
3402.75954	-0.0006649381
3401.75964	-0.0006747728
3400.75974	-0.0004365968
3399.75984	-0.0001988018
3398.75994	-0.0001787380
3397.76004	-0.0003354796
3396.76014	-0.0006404200
3395.76024	-0.0009460895
3394.76034	-0.0011558729
3393.76044	-0.0013058484
3392.76054	-0.0014035257
3391.76064	-0.0014975369
3390.76074	-0.0016111929
3389.76084	-0.0017154666
3388.76094	-0.0018043196
3387.76104	-0.0018732498
3386.76114	-0.0019071979
3385.76124	-0.0018906579
3384.76134	-0.0018290469
3383.76144	-0.0017645420
3382.76154	-0.0016732982
3381.76164	-0.0014771579
3380.76174	-0.0011200679
3379.76184	-0.0005701652
3378.76194	0.0000759122
3377.76204	0.0006590441
3376.76214	0.0010702494
3375.76224	0.0012183288
3374.76234	0.0011785201
3373.76244	0.0010199863
3372.76254	0.0007796232
3371.76264	0.0004784766
3370.76274	0.0002003743
3369.76284	0.0000232196
3368.76294	-0.0000520285
3367.76304	-0.0000391324
3366.76314	-0.0001006750
3365.76324	-0.0003357346
3364.76334	-0.0005947148
3363.76344	-0.0007834894
3362.76354	-0.0008293554
3361.76364	-0.0006860291
3360.76374	-0.0004289540
3359.76384	-0.0001113044
3358.76394	0.0001673368
3357.76404	0.0003254069
3356.76414	0.0002905653
3355.76424	0.0000326966
3354.76434	-0.0004176861
3353.76444	-0.0009728985
3352.76454	-0.0014864295
3351.76464	-0.0018360312
3350.76474	-0.0019150375
3349.76484	-0.0018054263
3348.76494	-0.0016399252
3347.76504	-0.0015601763
3346.76514	-0.0016969227
3345.76524	-0.0020289046
3344.76534	-0.0025243366
3343.76544	-0.0029729600
3342.76554	-0.0031852853
3341.76564	-0.0031212291
3340.76574	-0.0027082851
3339.76584	-0.0021860327
3338.76594	-0.0016626886
3337.76604	-0.0011778974
3336.76614	-0.0007483598
3335.76624	-0.0003265958
3334.76634	0.0000711628
3333.76644	0.0003495441
3332.76654	0.0004123504
3331.76664	0.0002069294
3330.76674	-0.0002615603
3329.76684	-0.0008493938
3328.76694	-0.0014057425
3327.76704	-0.0017358516
3326.76714	-0.0017622593
3325.76724	-0.0014886943
3324.76734	-0.0010445408
3323.76744	-0.0006126307
3322.76755	-0.0002882765
3321.76765	-0.0001325572
3320.76775	-0.0000736410
3319.76785	-0.0000452608
3318.76795	-0.0000633044
3317.76805	-0.0001749498
3316.76815	-0.0004291304
3315.76825	-0.0008644927
3314.76835	-0.0012670038
3313.76845	-0.0014489875
3312.76855	-0.0013489684
3311.76865	-0.0008832225
3310.76875	-0.0002983180
3309.76885	0.0002449560
3308.76895	0.0005408725
3307.76905	0.0004726938
3306.76915	0.0001837131
3305.76925	-0.0002098050
3304.76935	-0.0004868603
3303.76945	-0.0005808635
3302.76955	-0.0005743264
3301.76965	-0.0005561050
3300.76975	-0.0006274653
3299.76985	-0.0007474209
3298.76995	-0.0007889827
3297.77005	-0.0007244695
3296.77015	-0.0005770233
3295.77025	-0.0004532498
3294.77035	-0.0004772245
3293.77045	-0.0006450191
3292.77055	-0.0009336033
3291.77065	-0.0012143364
3290.77075	-0.0013752917
3289.77085	-0.0014027570
3288.77095	-0.0012716169
3287.77105	-0.0010584437
3286.77115	-0.0007922975
3285.77125	-0.0005390574
3284.77135	-0.0003290902
3283.77145	-0.0001479498
3282.77155	0.0000275480
3281.77165	0.0002603964
3280.77175	0.0005520170
3279.77185	0.0007793683
3278.77195	0.0008601284
3277.77205	0.0007695376
3276.77215	0.0005344296
3275.77225	0.0002760214
3274.77235	0.0000254852
3273.77245	-0.0002364716
3272.77255	-0.0004946085
3271.77265	-0.0007009858
3270.77275	-0.0007660651
3269.77285	-0.0005839612
3268.77295	-0.0002304876
3267.77305	0.0001795377
3266.77315	0.0005281856
3265.77325	0.0007182402
3264.77335	0.0008183344
3263.77345	0.0008832046
3262.77355	0.0009254988
3261.77365	0.0009447361
3260.77375	0.0009623131
3259.77385	0.0009953999
3258.77395	0.0010435701
3257.77405	0.0011066373
3256.77415	0.0011529471
3255.77425	0.0011684969
3254.77435	0.0011798313
3253.77445	0.0011949793
3252.77455	0.0012030447
3251.77465	0.0011526347
3250.77475	0.0009500423
3249.77485	0.0005800735
3248.77495	0.0001494896
3247.77505	-0.0002302649
3246.77515	-0.0004168585
3245.77525	-0.0003738324
3244.77535	-0.0001330109
3243.77545	0.0002205964
3242.77555	0.0005843567
3241.77565	0.0009224277
3240.77575	0.0012148310
3239.77585	0.0013999090
3238.77595	0.0013925533
3237.77605	0.0011827481
3236.77615	0.0007432451
3235.77625	0.0002501541
3234.77635	-0.0001567335
3233.77645	-0.0004162464
3232.77655	-0.0004545719
3231.77665	-0.0004181386
3230.77675	-0.0003592793
3229.77685	-0.0002607882
3228.77695	-0.0001203839
3227.77705	0.0000102835
3226.77715	0.0000805029
3225.77725	0.0000479997
3224.77735	-0.0000835820
3223.77745	-0.0001905622
3222.77755	-0.0002209936
3221.77765	-0.0001743761
3220.77775	-0.0001009352
3219.77785	-0.0001030199
3218.77795	-0.0001870123
3217.77805	-0.0003054867
3216.77815	-0.0004052501
3215.77825	-0.0004360086
3214.77835	-0.0004237739
3213.77845	-0.0004282922
3212.77855	-0.0005005726
3211.77865	-0.0006997059
3210.77875	-0.0009194860
3209.77885	-0.0010803231
3208.77895	-0.0012127430
3207.77905	-0.0013703426
3206.77915	-0.0016416018
3205.77925	-0.0021105688
3204.77935	-0.0025691444
3203.77945	-0.0028447278
3202.77955	-0.0027646965
3201.77965	-0.0021940584
3200.77975	-0.0014593652
3199.77985	-0.0007286788
3198.77995	-0.0001804250
3197.78005	0.0001550959
3196.78015	0.0004841084
3195.78025	0.0009251948
3194.78035	0.0015424516
3193.78045	0.0022399409
3192.78055	0.0027615028
3191.78065	0.0030072273
3190.78075	0.0029553017
3189.78085	0.0027199734
3188.78095	0.0024666402
3187.78105	0.0022706056
3186.78115	0.0021817621
3185.78125	0.0021399707
3184.78135	0.0020757173
3183.78145	0.0019235754
3182.78155	0.0016108087
3181.78165	0.0011848022
3180.78175	0.0006721016
3179.78185	0.0002127087
3178.78195	-0.0000756880
3177.78205	-0.0002650334
3176.78215	-0.0003579626
3175.78225	-0.0003833094
3174.78235	-0.0003309344
3173.78245	-0.0001895555
3172.78256	0.0000578591
3171.78266	0.0003593388
3170.78276	0.0006645686
3169.78286	0.0008691221
3168.78296	0.0009533444
3167.78306	0.0009915502
3166.78316	0.0009949974
3165.78326	0.0009382821
3164.78336	0.0007830915
3163.78346	0.0004862241
3162.78356	0.0001215802
3161.78366	-0.0001951089
3160.78376	-0.0004601335
3159.78386	-0.0006858454
3158.78396	-0.0008186449
3157.78406	-0.0007733314
3156.78416	-0.0005948406
3155.78426	-0.0002964143
3154.78436	0.0000220401
3153.78446	0.0002986060
3152.78456	0.0005312326
3151.78466	0.0006937876
3150.78476	0.0008003126
3149.78486	0.0008059629
3148.78496	0.0006907019
3147.78506	0.0004201863
3146.78516	0.0001138745
3145.78526	-0.0001440985
3144.78536	-0.0002488674
3143.78546	-0.0001498058
3142.78556	0.0000701234
3141.78566	0.0003578506
3140.78576	0.0006253851
3139.78586	0.0008491557
3138.78596	0.0010438218
3137.78606	0.0012231162
3136.78616	0.0014041422
3135.78626	0.0015953770
3134.78636	0.0018029254
3133.78646	0.0020091054
3132.78656	0.0021819067
3131.78666	0.0022926335
3130.78676	0.0022908223
3129.78686	0.0022050615
3128.78696	0.0020377371
3127.78706	0.0018520316
3126.78716	0.0016987209
3125.78726	0.0016390691
3124.78736	0.0017457807
3123.78746	0.0019129261
3122.78756	0.0020820976
3121.78766	0.0021308900
3120.78776	0.0019751077
3119.78786	0.0017199937
3118.78796	0.0014415424
3117.78806	0.0013152877
3116.78816	0.0014151101
3115.78826	0.0016532080
3114.78836	0.0019654683
3113.78846	0.0022423267
3112.78856	0.0024407674
3111.78866	0.0025609015
3110.78876	0.0026082699
3109.78886	0.0025995106
3108.78896	0.0025733882
3107.78906	0.0025761952
3106.78916	0.0026112408
3105.78926	0.0026625111
3104.78936	0.0026369377
3103.78946	0.0024250781
3102.78956	0.0020792098
3101.78966	0.0016266883
3100.78976	0.0011490033
3099.78986	0.0006975585
3098.78996	0.0003015144
3097.79006	0.0000142241
3096.79016	-0.0001531416
3095.79026	-0.0001423000
3094.79036	-0.0000377496
3093.79046	0.0001340264
3092.79056	0.0002779369
3091.79066	0.0003515357
3090.79076	0.0003812532
3089.79086	0.0003961320
3088.79096	0.0004599619
3087.79106	0.0006066886
3086.79116	0.0008308552
3085.79126	0.0010923671
3084.79136	0.0013002758
3083.79146	0.0014197413
3082.79156	0.0014438655
3081.79166	0.0014505385
3080.79176	0.0015503239
3079.79186	0.0016948046
3078.79196	0.0017887281
3077.79206	0.0017705426
3076.79216	0.0015624693
3075.79226	0.0012771204
3074.79236	0.0010064428
3073.79246	0.0008228822
3072.79256	0.0008123303
3071.79266	0.0008430772
3070.79276	0.0008560567
3069.79286	0.0008122666
3068.79296	0.0006849781
3067.79306	0.0005282923
3066.79316	0.0003887369
3065.79326	0.0003526747
3064.79336	0.0004757481
3063.79346	0.0007013443
3062.79356	0.0009835960
3061.79366	0.0012106193
3060.79376	0.0013327900
3059.79386	0.0013545790
3058.79396	0.0012818815
3057.79406	0.0011435634
3056.79416	0.0010035017
3055.79426	0.0009641112
3054.79436	0.0010812238
3053.79446	0.0014074726
3052.79456	0.0018158401
3051.79466	0.0021369252
3050.79476	0.0022433165
3049.79486	0.0019667728
3048.79496	0.0014262164
3047.79506	0.0006502122
3046.79516	-0.0001908641
3045.79526	-0.0009862211
3044.79536	-0.0016231019
3043.79546	-0.0019370005
3042.79556	-0.0019990753
3041.79566	-0.0017469730
3040.79576	-0.0013651425
3039.79586	-0.0009347217
3038.79596	-0.0006062457
3037.79606	-0.0004741970
3036.79616	-0.0005030068
3035.79626	-0.0006863956
3034.79636	-0.0009427722
3033.79646	-0.0012291135
3032.79656	-0.0014855533
3031.79666	-0.0016282309
3030.79676	-0.0015328358
3029.79686	-0.0011916044
3028.79696	-0.0006557630
3027.79706	-0.0000462573
3026.79716	0.0004858365
3025.79726	0.0008971888
3024.79736	0.0011476672
3023.79746	0.0012732127
3022.79757	0.0012769197
3021.79767	0.0012190057
3020.79777	0.0011298407
3019.79787	0.0010613431
3018.79797	0.0010599560
3017.79807	0.0010784073
3016.79817	0.0010883507
3015.79827	0.0010154786
3014.79837	0.0007887858
3013.79847	0.0004650534
3012.79857	0.0000595426
3011.79867	-0.0003043436
3010.79877	-0.0005411082
3009.79887	-0.0005885019
3008.79897	-0.0004234880
3007.79907	-0.0001684921
3006.79917	0.0001043120
3005.79927	0.0002993222
3004.79937	0.0004106745
3003.79947	0.0004978619
3002.79957	0.0006013624
3001.79967	0.0007582225
3000.79977	0.0009288474
2999.79987	0.0010422808
2998.79997	0.0011138848
2997.80007	0.0011793706
2996.80017	0.0012932465
2995.80027	0.0015134653
2994.80037	0.0017106173
2993.80047	0.0017424740
2992.80057	0.0016071395
2991.80067	0.0012399416
2990.80077	0.0008610183
2989.80087	0.0005953016
2988.80097	0.0003990121
2987.80107	0.0002694543
2986.80117	0.0001256658
2985.80127	-0.0000551052
2984.80137	-0.0001936910
2983.80147	-0.0002379824
2982.80157	-0.0001928894
2981.80167	-0.0000768816
2980.80177	0.0000017103
2979.80187	0.0000285575
2978.80197	0.0000714713
2977.80207	0.0001562554
2976.80217	0.0002854707
2975.80227	0.0003940478
2974.80237	0.0003592607
2973.80247	0.0001777067
2972.80257	-0.0001313555
2971.80267	-0.0004870489
2970.80277	-0.0007977637
2969.80287	-0.0010126717
2968.80297	-0.0010518607
2967.80307	-0.0009490376
2966.80317	-0.0006795833
2965.80327	-0.0003543111
2964.80337	-0.0000285187
2963.80347	0.0002777676
2962.80357	0.0005327361
2961.80367	0.0007018954
2960.80377	0.0007235907
2959.80387	0.0006492629
2958.80397	0.0005005757
2957.80407	0.0004336661
2956.80417	0.0005374792
2955.80427	0.0007688783
2954.80437	0.0010906378
2953.80447	0.0013462746
2952.80457	0.0014537398
2951.80467	0.0013757028
2950.80477	0.0011377563
2949.80487	0.0008512235
2948.80497	0.0005744897
2947.80507	0.0003670671
2946.80517	0.0002468109
2945.80527	0.0002343845
2944.80537	0.0002962314
2943.80547	0.0004003895
2942.80557	0.0004993618
2941.80567	0.0005410161
2940.80577	0.0005245018
2939.80587	0.0004349752
2938.80597	0.0003715028
2937.80607	0.0004174893
2936.80617	0.0004604517
2935.80627	0.0004207950
2934.80637	0.0002957460
2933.80647	0.0000529317
2932.80657	-0.0001974233
2931.80667	-0.0004073979
2930.80677	-0.0005849301
2929.80687	-0.0007317767
2928.80697	-0.0008826950
2927.80707	-0.0010231178
2926.80717	-0.0010714701
2925.80727	-0.0009656686
2924.80737	-0.0006670075
2923.80747	-0.0002261491
2922.80757	0.0001885520
2921.80767	0.0004836032
2920.80777	0.0005681916
2919.80787	0.0005375083
2918.80797	0.0005558940
2917.80807	0.0006677303
2916.80817	0.0009060007
2915.80827	0.0011382672
2914.80837	0.0012010001
2913.80847	0.0010658018
2912.80857	0.0006295496
2911.80867	0.0001248703
2910.80877	-0.0003100363
2909.80887	-0.0006467500
2908.80897	-0.0008184393
2907.80907	-0.0009442320
2906.80917	-0.0010535700
2905.80927	-0.0011599907
2904.80937	-0.0012527184
2903.80947	-0.0012879855
2902.80957	-0.0012361879
2901.80967	-0.0011378693
2900.80977	-0.0009903385
2899.80987	-0.0007844421
2898.80997	-0.0005328028
2897.81007	-0.0002965503
2896.81017	-0.0000851601
2895.81027	0.0001255002
2894.81037	0.0003931811
2893.81047	0.0008101513
2892.81057	0.0012968522
2891.81067	0.0016914823
2890.81077	0.0018533999
2889.81087	0.0015609090
2888.81097	0.0009577218
2887.81107	0.0001197391
2886.81117	-0.0006656827
2885.81127	-0.0011087133
2884.81137	-0.0012413131
2883.81147	-0.0009198254
2882.81157	-0.0004664533
2881.81167	-0.0000055769
2880.81177	0.0003273666
2879.81187	0.0004035323
2878.81197	0.0003637554
2877.81207	0.0002386665
2876.81217	0.0001421203
2875.81227	0.0001324373
2874.81237	0.0001980398
2873.81247	0.0003123458
2872.81258	0.0003515118
2871.81268	0.0002948753
2870.81278	0.0002243643
2869.81288	0.0001721141
2868.81298	0.0001633172
2867.81308	0.0001787419
2866.81318	0.0001721705
2865.81328	0.0001337427
2864.81338	0.0000578183
2863.81348	-0.0000441232
2862.81358	-0.0001624769
2861.81368	-0.0002734523
2860.81378	-0.0003478817
2859.81388	-0.0003899900
2858.81398	-0.0003841193
2857.81408	-0.0003117884
2856.81418	-0.0001197527
2855.81428	0.0000989248
2854.81438	0.0002991219
2853.81448	0.0004353363
2852.81458	0.0004483743
2851.81468	0.0003817918
2850.81478	0.0002468199
2849.81488	0.0001765168
2848.81498	0.0002261628
2847.81508	0.0003087163
2846.81518	0.0003752772
2845.81528	0.0003488374
2844.81538	0.0002044147
2843.81548	-0.0000140088
2842.81558	-0.0002671563
2841.81568	-0.0004794438
2840.81578	-0.0006258268
2839.81588	-0.0006890326
2838.81598	-0.0006858151
2837.81608	-0.0006323019
2836.81618	-0.0005126478
2835.81628	-0.0002767343
2834.81638	0.0000381426
2833.81648	0.0004118869
2832.81658	0.0007146549
2831.81668	0.0007889536
2830.81678	0.0007440070
2829.81688	0.0005969853
2828.81698	0.0004805433
2827.81708	0.0004904802
2826.81718	0.0005545348
2825.81728	0.0006601257
2824.81738	0.0007334820
2823.81748	0.0007143957
2822.81758	0.0005816953
2821.81768	0.0003023004
2820.81778	-0.0000320431
2819.81788	-0.0003719957
2818.81798	-0.0006202078
2817.81808	-0.0007347396
2816.81818	-0.0007386014
2815.81828	-0.0007119003
2814.81838	-0.0008393992
2813.81848	-0.0011359634
2812.81858	-0.0015469706
2811.81868	-0.0019377159
2810.81878	-0.0020958262
2809.81888	-0.0020077233
2808.81898	-0.0016185420
2807.81908	-0.0011267496
2806.81918	-0.0007184339
2805.81928	-0.0004760902
2804.81938	-0.0005530657
2803.81948	-0.0007437551
2802.81958	-0.0009667944
2801.81968	-0.0011697859
2800.81978	-0.0013122462
2799.81988	-0.0014255106
2798.81998	-0.0014975719
2797.82008	-0.0015051544
2796.82018	-0.0014022217
2795.82028	-0.0012061674
2794.82038	-0.0009092308
2793.82048	-0.0006025982
2792.82058	-0.0003270039
2791.82068	-0.0001166248
2790.82078	0.0000098075
2789.82088	0.0000598392
2788.82098	0.0000203437
2787.82108	-0.0001343475
2786.82118	-0.0004097544
2785.82128	-0.0008109682
2784.82138	-0.0012532747
2783.82148	-0.0015978644
2782.82158	-0.0017783310
2781.82168	-0.0016647317
2780.82178	-0.0013493677
2779.82188	-0.0008520599
2778.82198	-0.0003658008
2777.82208	-0.0000799308
2776.82218	0.0000032821
2775.82228	-0.0002606726
2774.82238	-0.0006334947
2773.82248	-0.0010448110
2772.82258	-0.0013323819
2771.82268	-0.0013517999
2770.82278	-0.0012582594
2769.82288	-0.0010854319
2768.82298	-0.0009752471
2767.82308	-0.0010027811
2766.82318	-0.0011360933
2765.82328	-0.0013616499
2764.82338	-0.0015691094
2763.82348	-0.0016973985
2762.82358	-0.0016837732
2761.82368	-0.0015414389
2760.82378	-0.0013618768
2759.82388	-0.0011896071
2758.82398	-0.0010671461
2757.82408	-0.0009292533
2756.82418	-0.0006511001
2755.82428	-0.0002948004
2754.82438	0.0000473189
2753.82448	0.0002738764
2752.82458	0.0002156523
2751.82468	-0.0000137047
2750.82478	-0.0004042882
2749.82488	-0.0007646867
2748.82498	-0.0009217541
2747.82508	-0.0009123390
2746.82518	-0.0006440330
2745.82528	-0.0003752536
2744.82538	-0.0002245279
2743.82548	-0.0001619680
2742.82558	-0.0002177678
2741.82568	-0.0003369383
2740.82578	-0.0005137685
2739.82588	-0.0006969953
2738.82598	-0.0008664637
2737.82608	-0.0010073640
2736.82618	-0.0011164520
2735.82628	-0.0012103454
2734.82638	-0.0012804245
2733.82648	-0.0012982376
2732.82658	-0.0012533074
2731.82668	-0.0011319134
2730.82678	-0.0009751737
2729.82688	-0.0008444384
2728.82698	-0.0007415763
2727.82708	-0.0006665377
2726.82718	-0.0006105981
2725.82728	-0.0005758707
2724.82738	-0.0005364937
2723.82748	-0.0004665976
2722.82759	-0.0003826611
2721.82769	-0.0002921340
2720.82779	-0.0002408367
2719.82789	-0.0002912821
2718.82799	-0.0004061135
2717.82809	-0.0005999277
2716.82819	-0.0007657841
2715.82829	-0.0008234500
2714.82839	-0.0007150749
2713.82849	-0.0003687644
2712.82859	0.0001021616
2711.82869	0.0006361938
2710.82879	0.0010332019
2709.82889	0.0012106465
2708.82899	0.0011715408
2707.82909	0.0009585645
2706.82919	0.0007113722
2705.82929	0.0005185272
2704.82939	0.0005061117
2703.82949	0.0006140791
2702.82959	0.0007367879
2701.82969	0.0008187561
2700.82979	0.0007908443
2699.82989	0.0007094350
2698.82999	0.0006122935
2697.83009	0.0004840620
2696.83019	0.0002757228
2695.83029	-0.0000135396
2694.83039	-0.0004441019
2693.83049	-0.0008245898
2692.83059	-0.0009849543
2691.83069	-0.0009144332
2690.83079	-0.0004694152
2689.83089	0.0000366794
2688.83099	0.0004760492
2687.83109	0.0006997676
2686.83119	0.0005995303
2685.83129	0.0003673946
2684.83139	0.0000770799
2683.83149	-0.0000941707
2682.83159	-0.0000648492
2681.83169	0.0001897450
2680.83179	0.0006528940
2679.83189	0.0012273242
2678.83199	0.0017971415
2677.83209	0.0021524052
2676.83219	0.0022535983
2675.83229	0.0020108805
2674.83239	0.0015725525
2673.83249	0.0010621721
2672.83259	0.0005449937
2671.83269	0.0000723854
2670.83279	-0.0003438037
2669.83289	-0.0006460290
2668.83299	-0.0008434163
2667.83309	-0.0008452644
2666.83319	-0.0007619727
2665.83329	-0.0005638667
2664.83339	-0.0002512865
2663.83349	0.0002461206
2662.83359	0.0007622284
2661.83369	0.0012142413
2660.83379	0.0014972354
2659.83389	0.0015239356
2658.83399	0.0014292847
2657.83409	0.0012545952
2656.83419	0.0011238266
2655.83429	0.0010487462
2654.83439	0.0009468199
2653.83449	0.0008197572
2652.83459	0.0007253611
2651.83469	0.0007178575
2650.83479	0.0008990549
2649.83489	0.0012098305
2648.83499	0.0015546130
2647.83509	0.0018053354
2646.83519	0.0017455829
2645.83529	0.0014604274
2644.83539	0.0009258761
2643.83549	0.0003650546
2642.83559	-0.0000284124
2641.83569	-0.0002540961
2640.83579	-0.0001480658
2639.83589	0.0001338677
2638.83599	0.0006640545
2637.83609	0.0012198250
2636.83619	0.0016889112
2635.83629	0.0019278110
2634.83639	0.0017663521
2633.83649	0.0014276918
2632.83659	0.0009628281
2631.83669	0.0005991969
2630.83679	0.0004307184
2629.83689	0.0004181656
2628.83699	0.0005386994
2627.83709	0.0006701123
2626.83719	0.0007848974
2625.83729	0.0008802787
2624.83739	0.0009537118
2623.83749	0.0009981345
2622.83759	0.0010207667
2621.83769	0.0010293793
2620.83779	0.0010523414
2619.83789	0.0011347366
2618.83799	0.0012359784
2617.83809	0.0013162321
2616.83819	0.0013916879
2615.83829	0.0014774402
2614.83839	0.0015681969
2613.83849	0.0016576537
2612.83859	0.0016968668
2611.83869	0.0016089522
2610.83879	0.0014558160
2609.83889	0.0012220168
2608.83899	0.0009889911
2607.83909	0.0007880396
2606.83919	0.0006080741
2605.83929	0.0004571784
2604.83939	0.0003412251
2603.83949	0.0002915549
2602.83959	0.0003628820
2601.83969	0.0005801337
2600.83979	0.0009030262
2599.83989	0.0012833016
2598.83999	0.0015988337
2597.84009	0.0017881910
2596.84019	0.0017459762
2595.84029	0.0015346989
2594.84039	0.0012333954
2593.84049	0.0009747500
2592.84059	0.0009631912
2591.84069	0.0011395898
2590.84079	0.0015478387
2589.84089	0.0019727601
2588.84099	0.0022225035
2587.84109	0.0023431126
2586.84119	0.0022395956
2585.84129	0.0020753799
2584.84139	0.0018763507
2583.84149	0.0016983715
2582.84159	0.0015927845
2581.84169	0.0015868760
2580.84179	0.0017374776
2579.84189	0.0019217547
2578.84199	0.0020888383
2577.84209	0.0021360081
2576.84219	0.0020173551
2575.84229	0.0018194461
2574.84239	0.0015681073
2573.84249	0.0013238640
2572.84260	0.0011179995
2571.84270	0.0009992810
2570.84280	0.0009550221
2569.84290	0.0009516369
2568.84300	0.0009647305
2567.84310	0.0009680234
2566.84320	0.0009563477
2565.84330	0.0009202749
2564.84340	0.0008995876
2563.84350	0.0009539672
2562.84360	0.0010117128
2561.84370	0.0010025668
2560.84380	0.0009536853
2559.84390	0.0008455235
2558.84400	0.0007437209
2557.84410	0.0006933442
2556.84420	0.0007012844
2555.84430	0.0008047418
2554.84440	0.0008749869
2553.84450	0.0008532003
2552.84460	0.0008049171
2551.84470	0.0007448058
2550.84480	0.0007050824
2549.84490	0.0006992948
2548.84500	0.0007191402
2547.84510	0.0007646249
2546.84520	0.0008265370
2545.84530	0.0009040961
2544.84540	0.0009965226
2543.84550	0.0010861985
2542.84560	0.0011348784
2541.84570	0.0011737137
2540.84580	0.0012668645
2539.84590	0.0014020480
2538.84600	0.0015716485
2537.84610	0.0017029169
2536.84620	0.0016756356
2535.84630	0.0015688568
2534.84640	0.0013865287
2533.84650	0.0012072085
2532.84660	0.0010912927
2531.84670	0.0010049534
2530.84680	0.0009553307
2529.84690	0.0008711262
2528.84700	0.0006944374
2527.84710	0.0004798615
2526.84720	0.0002441980
2525.84730	0.0001003072
2524.84740	0.0001308443
2523.84750	0.0003095667
2522.84760	0.0006608362
2521.84770	0.0010998577
2520.84780	0.0015816841
2519.84790	0.0019718718
2518.84800	0.0021748994
2517.84810	0.0020109313
2516.84820	0.0014949335
2515.84830	0.0006586240
2514.84840	-0.0002933583
2513.84850	-0.0010437885
2512.84860	-0.0015414044
2511.84870	-0.0015890985
2510.84880	-0.0014208702
2509.84890	-0.0011417560
2508.84900	-0.0008738608
2507.84910	-0.0007311028
2506.84920	-0.0006211923
2505.84930	-0.0005117178
2504.84940	-0.0003837837
2503.84950	-0.0002158463
2502.84960	-0.0000786906
2501.84970	-0.0000202783
2500.84980	0.0000428890
2499.84990	0.0001512439
2498.85000	0.0003274023
2497.85010	0.0005857107
2496.85020	0.0008012966
2495.85030	0.0009046062
2494.85040	0.0008301188
2493.85050	0.0005532539
2492.85060	0.0001582868
2491.85070	-0.0002874375
2490.85080	-0.0006247468
2489.85090	-0.0008263844
2488.85100	-0.0008578115
2487.85110	-0.0007488246
2486.85120	-0.0004878694
2485.85130	-0.0001428233
2484.85140	0.0002447483
2483.85150	0.0005823578
2482.85160	0.0007127456
2481.85170	0.0007213976
2480.85180	0.0005649718
2479.85190	0.0004036109
2478.85200	0.0003490815
2477.85210	0.0003223803
2476.85220	0.0003165079
2475.85230	0.0003059130
2474.85240	0.0002879078
2473.85250	0.0003282297
2472.85260	0.0004729693
2471.85270	0.0006087692
2470.85280	0.0006742645
2469.85290	0.0005922376
2468.85300	0.0003198865
2467.85310	-0.0000218087
2466.85320	-0.0003711099
2465.85330	-0.0005750101
2464.85340	-0.0005989953
2463.85350	-0.0004443631
2462.85360	-0.0001777298
2461.85370	0.0000727773
2460.85380	0.0002652591
2459.85390	0.0003258170
2458.85400	0.0003095765
2457.85410	0.0002545402
2456.85420	0.0002123902
2455.85430	0.0002547452
2454.85440	0.0003528660
2453.85450	0.0005379923
2452.85460	0.0007100477
2451.85470	0.0007659325
2450.85480	0.0007163392
2449.85490	0.0004366831
2448.85500	0.0000944572
2447.85510	-0.0002887784
2446.85520	-0.0005942190
2445.85530	-0.0007202658
2444.85540	-0.0007067092
2443.85550	-0.0005200274
2442.85560	-0.0003154943
2441.85570	-0.0001380660
2440.85580	-0.0000289642
2439.85590	0.0000166243
2438.85600	0.0000865599
2437.85610	0.0001857553
2436.85620	0.0002775895
2435.85630	0.0003190709
2434.85640	0.0002066033
2433.85650	0.0000079435
2432.85660	-0.0001640709
2431.85670	-0.0002632484
2430.85680	-0.0001778057
2429.85690	-0.0000338340
2428.85700	0.0000609175
2427.85710	0.0001104572
2426.85720	0.0000722020
2425.85730	0.0000592851
2424.85740	0.0001930661
2423.85751	0.0003855806
2422.85761	0.0006587137
2421.85771	0.0008739390
2420.85781	0.0009275481
2419.85791	0.0009226249
2418.85801	0.0008674191
2417.85811	0.0008614182
2416.85821	0.0009317613
2415.85831	0.0009508413
2414.85841	0.0008588002
2413.85851	0.0006308900
2412.85861	0.0002746535
2411.85871	-0.0000792529
2410.85881	-0.0004033165
2409.85891	-0.0006815364
2408.85901	-0.0009037316
2407.85911	-0.0010318700
2406.85921	-0.0010807109
2405.85931	-0.0010358165
2404.85941	-0.0009047554
2403.85951	-0.0006221645
2402.85961	-0.0002824112
2401.85971	0.0000505921
2400.85981	0.0003135409
2399.85991	0.0003554671
2398.86001	0.0003120707
2397.86011	0.0001662039
2396.86021	0.0000649983
2395.86031	0.0001315606
2394.86041	0.0002237188
2393.86051	0.0002990984
2392.86061	0.0002697125
2391.86071	0.0000475352
2390.86081	-0.0001999938
2389.86091	-0.0004148025
2388.86101	-0.0004884373
2387.86111	-0.0003361908
2386.86121	0.0000521681
2385.86131	0.0007647816
2384.86141	0.0019349460
2383.86151	0.0036582435
2382.86161	0.0061336951
2381.86171	0.0093656993
2380.86181	0.0135839330
2379.86191	0.0186536331
2378.86201	0.0248841550
2377.86211	0.0320192575
2376.86221	0.0405439101
2375.86231	0.0500013754
2374.86241	0.0609688088
2373.86251	0.0728105754
2372.86261	0.0861784518
2371.86271	0.1001918018
2370.86281	0.1152563542
2369.86291	0.1304483116
2368.86301	0.1454752684
2367.86311	0.1599202603
2366.86321	0.1729041338
2365.86331	0.1845275760
2364.86341	0.1936811954
2363.86351	0.2009007931
2362.86361	0.2052229345
2361.86371	0.2072071135
2360.86381	0.2061280012
2359.86391	0.2023488730
2358.86401	0.1954763681
2357.86411	0.1857940108
2356.86421	0.1733944267
2355.86431	0.1586318612
2354.86441	0.1419491172
2353.86451	0.1236101761
2352.86461	0.1046333909
2351.86471	0.0866462886
2350.86481	0.0708381310
2349.86491	0.0613055378
2348.86501	0.0566238835
2347.86511	0.0609478205
2346.86521	0.0692512244
2345.86531	0.0824573934
2344.86541	0.0964742675
2343.86551	0.1096978858
2342.86561	0.1218922436
2341.86571	0.1313978136
2340.86581	0.1394598484
2339.86591	0.1449026763
2338.86601	0.1489428729
2337.86611	0.1508687586
2336.86621	0.1517344415
2335.86631	0.1512668878
2334.86641	0.1500485688
2333.86651	0.1479365677
2332.86661	0.1450695246
2331.86671	0.1413318068
2330.86681	0.1367659569
2329.86691	0.1314129978
2328.86701	0.1254391372
2327.86711	0.1190056428
2326.86721	0.1122757196
2325.86731	0.1053951085
2324.86741	0.0984985530
2323.86751	0.0916486159
2322.86761	0.0849760398
2321.86771	0.0784411132
2320.86781	0.0721720457
2319.86791	0.0660744160
2318.86801	0.0603312105
2317.86811	0.0547874719
2316.86821	0.0497028753
2315.86831	0.0448220111
2314.86841	0.0403656512
2313.86851	0.0361609980
2312.86861	0.0324353427
2311.86871	0.0289556514
2310.86881	0.0258475170
2309.86891	0.0229269508
2308.86901	0.0202528033
2307.86911	0.0177486725
2306.86921	0.0154783772
2305.86931	0.0134790791
2304.86941	0.0118067050
2303.86951	0.0104426146
2302.86961	0.0093601728
2301.86971	0.0084635513
2300.86981	0.0076760193
2299.86991	0.0068799988
2298.87001	0.0060656364
2297.87011	0.0052337474
2296.87021	0.0044300738
2295.87031	0.0037669579
2294.87041	0.0032087204
2293.87051	0.0028448093
2292.87061	0.0025474294
2291.87071	0.0022954396
2290.87081	0.0020633936
2289.87091	0.0018691941
2288.87101	0.0016555880
2287.87111	0.0013706667
2286.87121	0.0010758170
2285.87131	0.0007829845
2284.87141	0.0005050584
2283.87151	0.0002559135
2282.87161	0.0000100490
2281.87171	-0.0002200086
2280.87181	-0.0003660962
2279.87191	-0.0003695385
2278.87201	-0.0001995371
2277.87211	0.0001211617
2276.87221	0.0003651348
2275.87231	0.0004804439
2274.87241	0.0004094320
2273.87252	0.0002329292
2272.87262	0.0001435182
2271.87272	0.0001626564
2270.87282	0.0003780994
2269.87292	0.0006831829
2268.87302	0.0009872150
2267.87312	0.0012348323
2266.87322	0.0012790188
2265.87332	0.0012168656
2264.87342	0.0009724495
2263.87352	0.0007238970
2262.87362	0.0005908505
2261.87372	0.0004630418
2260.87382	0.0002979163
2259.87392	0.0000840240
2258.87402	-0.0002214994
2257.87412	-0.0004562101
2256.87422	-0.0005081690
2255.87432	-0.0004081981
2254.87442	-0.0001112639
2253.87452	0.0001658851
2252.87462	0.0003509187
2251.87472	0.0003702746
2250.87482	0.0002116994
2249.87492	-0.0000008313
2248.87502	-0.0002149283
2247.87512	-0.0003073679
2246.87522	-0.0002744608
2245.87532	-0.0000887551
2244.87542	0.0001740761
2243.87552	0.0004107466
2242.87562	0.0005764777
2241.87572	0.0005216365
2240.87582	0.0003469311
2239.87592	0.0000175635
2238.87602	-0.0003282829
2237.87612	-0.0005784007
2236.87622	-0.0007592328
2235.87632	-0.0007491613
2234.87642	-0.0006641161
2233.87652	-0.0004233838
2232.87662	-0.0001058850
2231.87672	0.0003426332
2230.87682	0.0007824316
2229.87692	0.0011388152
2228.87702	0.0012876876
2227.87712	0.0010960951
2226.87722	0.0007372828
2225.87732	0.0002259348
2224.87742	-0.0002333279
2223.87752	-0.0005779400
2222.87762	-0.0007368054
2221.87772	-0.0007094264
2220.87782	-0.0005314921
2219.87792	-0.0002699746
2218.87802	-0.0000564486
2217.87812	0.0000902560
2216.87822	0.0000964950
2215.87832	0.0000120975
2214.87842	-0.0001830918
2213.87852	-0.0003876339
2212.87862	-0.0004752792
2211.87872	-0.0004848339
2210.87882	-0.0003179688
2209.87892	-0.0001532467
2208.87902	-0.0001340474
2207.87912	-0.0002104692
2206.87922	-0.0005107303
2205.87932	-0.0007759452
2204.87942	-0.0008757199
2203.87952	-0.0008707883
2202.87962	-0.0006968356
2201.87972	-0.0004857630
2200.87982	-0.0002461294
2199.87992	0.0000074829
2198.88002	0.0002703664
2197.88012	0.0005097224
2196.88022	0.0006941092
2195.88032	0.0007394674
2194.88042	0.0006445964
2193.88052	0.0004449784
2192.88062	0.0001882289
2191.88072	-0.0000338428
2190.88082	-0.0002016700
2189.88092	-0.0002375778
2188.88102	-0.0001875119
2187.88112	-0.0000240378
2186.88122	0.0001978564
2185.88132	0.0004992929
2184.88142	0.0007803000
2183.88152	0.0008917852
2182.88162	0.0008910017
2181.88172	0.0005834080
2180.88182	0.0002820301
2179.88192	0.0001258743
2178.88202	0.0000684114
2177.88212	0.0002012158
2176.88222	0.0002989301
2175.88232	0.0002843056
2174.88242	0.0002705102
2173.88252	0.0002993492
2172.88262	0.0004411498
2171.88272	0.0007239494
2170.88282	0.0010032727
2169.88292	0.0012220802
2168.88302	0.0012442989
2167.88312	0.0010821548
2166.88322	0.0008421439
2165.88332	0.0005778364
2164.88342	0.0003948405
2163.88352	0.0002827891
2162.88362	0.0002691619
2161.88372	0.0003054680
2160.88382	0.0003735632
2159.88392	0.0004306159
2158.88402	0.0003968024
2157.88412	0.0002856759
2156.88422	-0.0000456609
2155.88432	-0.0004123785
2154.88442	-0.0007512421
2153.88452	-0.0010038239
2152.88462	-0.0009949163
2151.88472	-0.0009181622
2150.88482	-0.0007633069
2149.88492	-0.0006856061
2148.88502	-0.0007904082
2147.88512	-0.0009760207
2146.88522	-0.0012395468
2145.88532	-0.0014032270
2144.88542	-0.0013941727
2143.88552	-0.0012249306
2142.88562	-0.0009151489
2141.88572	-0.0006628043
2140.88582	-0.0005065697
2139.88592	-0.0005040862
2138.88602	-0.0005938300
2137.88612	-0.0006304548
2136.88622	-0.0006066504
2135.88632	-0.0004736737
2134.88642	-0.0002895183
2133.88652	-0.0000910713
2132.88662	0.0001133135
2131.88672	0.0003263091
2130.88682	0.0004964006
2129.88692	0.0004740322
2128.88702	0.0003613312
2127.88712	0.0000246615
2126.88722	-0.0003037898
2125.88732	-0.0005206654
2124.88742	-0.0006755557
2123.88753	-0.0007046072
2122.88763	-0.0006926090
2121.88773	-0.0006227588
2120.88783	-0.0005182573
2119.88793	-0.0003728114
2118.88803	-0.0002544747
2117.88813	-0.0001947008
2116.88823	-0.0002332897
2115.88833	-0.0003874994
2114.88843	-0.0006297727
2113.88853	-0.0009116492
2112.88863	-0.0010569105
2111.88873	-0.0010429213
2110.88883	-0.0007470205
2109.88893	-0.0003329070
2108.88903	-0.0000812761
2107.88913	0.0000453111
2106.88923	-0.0000372894
2105.88933	-0.0001454107
2104.88943	-0.0000591407
2103.88953	0.0000834840
2102.88963	0.0002496669
2101.88973	0.0003365923
2100.88983	0.0000779189
2099.88993	-0.0002487658
2098.89003	-0.0006574354
2097.89013	-0.0009661533
2096.89023	-0.0009922729
2095.89033	-0.0009225987
2094.89043	-0.0007319258
2093.89053	-0.0005969169
2092.89063	-0.0005918490
2091.89073	-0.0007088754
2090.89083	-0.0009649728
2089.89093	-0.0012076579
2088.89103	-0.0013889727
2087.89113	-0.0014029514
2086.89123	-0.0012578774
2085.89133	-0.0010183487
2084.89143	-0.0007297881
2083.89153	-0.0004715988
2082.89163	-0.0002306278
2081.89173	0.0000235147
2080.89183	0.0002471485
2079.89193	0.0002942590
2078.89203	0.0002223845
2077.89213	-0.0001206280
2076.89223	-0.0004869380
2075.89233	-0.0006577065
2074.89243	-0.0007018779
2073.89253	-0.0003533432
2072.89263	-0.0000011417
2071.89273	0.0002149085
2070.89283	0.0003111192
2069.89293	0.0001459106
2068.89303	-0.0000037434
2067.89313	-0.0000507559
2066.89323	-0.0000015998
2065.89333	0.0001809279
2064.89343	0.0003207879
2063.89353	0.0003729126
2062.89363	0.0003496437
2061.89373	0.0002536671
2060.89383	0.0001629061
2059.89393	0.0001101436
2058.89403	0.0002040672
2057.89413	0.0003910857
2056.89423	0.0005359366
2055.89433	0.0006054854
2054.89443	0.0004444057
2053.89453	0.0001729877
2052.89463	-0.0001507856
2051.89473	-0.0004556516
2050.89483	-0.0006013505
2049.89493	-0.0007035770
2048.89503	-0.0007805774
2047.89513	-0.0008329293
2046.89523	-0.0007887693
2045.89533	-0.0007032019
2044.89543	-0.0005132276
2043.89553	-0.0003286504
2042.89563	-0.0001917786
2041.89573	-0.0001209460
2040.89583	-0.0001831039
2039.89593	-0.0002982232
2038.89603	-0.0004766776
2037.89613	-0.0006263008
2036.89623	-0.0007333363
2035.89633	-0.0008519152
2034.89643	-0.0009969530
2033.89653	-0.0011968591
2032.89663	-0.0014307543
2031.89673	-0.0016041185
2030.89683	-0.0017165636
2029.89693	-0.0017438350
2028.89703	-0.0016998061
2027.89713	-0.0015198651
2026.89723	-0.0012784725
2025.89733	-0.0010145742
2024.89743	-0.0007485891
2023.89753	-0.0005019306
2022.89763	-0.0002796193
2021.89773	-0.0001490423
2020.89783	-0.0000911834
2019.89793	-0.0002780904
2018.89803	-0.0005069585
2017.89813	-0.0007825891
2016.89823	-0.0009977627
2015.89833	-0.0010527699
2014.89843	-0.0010441336
2013.89853	-0.0009536010
2012.89863	-0.0008809334
2011.89873	-0.0008414842
2010.89883	-0.0007452171
2009.89893	-0.0005594618
2008.89903	-0.0003333358
2007.89913	-0.0000838692
2006.89923	0.0000949403
2005.89933	0.0001996209
2004.89943	0.0002440820
2003.89953	0.0002479585
2002.89963	0.0002356725
2001.89973	0.0001849988
2000.89983	-0.0000287348
1999.89993	-0.0003126735
1998.90003	-0.0006002912
1997.90013	-0.0008274284
1996.90023	-0.0007418800
1995.90033	-0.0005633799
1994.90043	-0.0002449997
1993.90053	0.0000292300
1992.90063	0.0000238723
1991.90073	-0.0000790871
1990.90083	-0.0004521683
1989.90093	-0.0007869801
1988.90103	-0.0009803532
1987.90113	-0.0010762385
1986.90123	-0.0010044683
1985.90133	-0.0009250101
1984.90143	-0.0008607622
1983.90153	-0.0008463183
1982.90163	-0.0008996818
1981.90173	-0.0009968522
1980.90183	-0.0011303247
1979.90193	-0.0012475929
1978.90203	-0.0013300764
1977.90213	-0.0013113169
1976.90223	-0.0012144465
1975.90233	-0.0010623505
1974.90243	-0.0008808762
1973.90254	-0.0006850630
1972.90264	-0.0004819902
1971.90274	-0.0002574414
1970.90284	-0.0000206198
1969.90294	0.0002723091
1968.90304	0.0005724517
1967.90314	0.0008471878
1966.90324	0.0010643252
1965.90334	0.0009745310
1964.90344	0.0007924034
1963.90354	0.0003573627
1962.90364	-0.0000747552
1961.90374	-0.0004217050
1960.90384	-0.0006587583
1959.90394	-0.0006640287
1958.90404	-0.0005803936
1957.90414	-0.0003830111
1956.90424	-0.0001935860
1955.90434	-0.0000356944
1954.90444	0.0000644967
1953.90454	0.0000972907
1952.90464	0.0000754423
1951.90474	-0.0000020383
1950.90484	-0.0001514702
1949.90494	-0.0003556149
1948.90504	-0.0005934262
1947.90514	-0.0008327198
1946.90524	-0.0009619399
1945.90534	-0.0010213492
1944.90544	-0.0009157318
1943.90554	-0.0007617759
1942.90564	-0.0006553073
1941.90574	-0.0005580182
1940.90584	-0.0005835403
1939.90594	-0.0005908458
1938.90604	-0.0004990700
1937.90614	-0.0004171182
1936.90624	-0.0003730705
1935.90634	-0.0004094318
1934.90644	-0.0006145656
1933.90654	-0.0007810727
1932.90664	-0.0008150097
1931.90674	-0.0007233705
1930.90684	-0.0004507205
1929.90694	-0.0002214901
1928.90704	-0.0000885196
1927.90714	-0.0000646165
1926.90724	-0.0001538981
1925.90734	-0.0002656222
1924.90744	-0.0003821122
1923.90754	-0.0004725372
1922.90764	-0.0005215954
1921.90774	-0.0004406877
1920.90784	-0.0002629091
1919.90794	0.0001041317
1918.90804	0.0005308937
1917.90814	0.0007889543
1916.90824	0.0009822836
1915.90834	0.0009201630
1914.90844	0.0008237467
1913.90854	0.0008048974
1912.90864	0.0007794568
1911.90874	0.0008161304
1910.90884	0.0008420185
1909.90894	0.0008757380
1908.90904	0.0009156668
1907.90914	0.0009503526
1906.90924	0.0009548247
1905.90934	0.0008858369
1904.90944	0.0008580182
1903.90954	0.0009135606
1902.90964	0.0010098486
1901.90974	0.0011374016
1900.90984	0.0011539335
1899.90994	0.0010460138
1898.91004	0.0009194188
1897.91014	0.0008161850
1896.91024	0.0009048560
1895.91034	0.0011164946
1894.91044	0.0012697760
1893.91054	0.0013491175
1892.91064	0.0012215365
1891.91074	0.0010128310
1890.91084	0.0008518056
1889.91094	0.0007284377
1888.91104	0.0006524452
1887.91114	0.0006217309
1886.91124	0.0006613226
1885.91134	0.0007270125
1884.91144	0.0008738753
1883.91154	0.0010177989
1882.91164	0.0011706576
1881.91174	0.0012958680
1880.91184	0.0013538024
1879.91194	0.0013574549
1878.91204	0.0012555508
1877.91214	0.0011121505
1876.91224	0.0009160592
1875.91234	0.0007374057
1874.91244	0.0005964249
1873.91254	0.0005527067
1872.91264	0.0006193934
1871.91274	0.0007889658
1870.91284	0.0010535299
1869.91294	0.0013083788
1868.91304	0.0015622927
1867.91314	0.0016144698
1866.91324	0.0015794701
1865.91334	0.0014893143
1864.91344	0.0013902354
1863.91354	0.0014426686
1862.91364	0.0015050980
1861.91374	0.0015319838
1860.91384	0.0015007303
1859.91394	0.0012577861
1858.91404	0.0009900122
1857.91414	0.0007408488
1856.91424	0.0005591037
1855.91434	0.0006128578
1854.91444	0.0006834581
1853.91454	0.0007420850
1852.91464	0.0007143454
1851.91474	0.0005103764
1850.91484	0.0002977444
1849.91494	0.0001078899
1848.91504	0.0000019976
1847.91514	0.0000253210
1846.91524	0.0001060160
1845.91534	0.0002618729
1844.91544	0.0002762290
1843.91554	0.0002100715
1842.91564	0.0000607293
1841.91574	-0.0001099864
1840.91584	-0.0001061237
1839.91594	-0.0000342432
1838.91604	0.0001861554
1837.91614	0.0004367245
1836.91624	0.0007311516
1835.91634	0.0010254891
1834.91644	0.0013206587
1833.91654	0.0015629862
1832.91664	0.0016756550
1831.91674	0.0017315394
1830.91684	0.0016966793
1829.91694	0.0016746440
1828.91704	0.0016084192
1827.91714	0.0016017518
1826.91724	0.0016561389
1825.91734	0.0017156539
1824.91744	0.0017529293
1823.91755	0.0017495847
1822.91765	0.0016601555
1821.91775	0.0015250437
1820.91785	0.0013228368
1819.91795	0.0011115465
1818.91805	0.0009105118
1817.91815	0.0007662423
1816.91825	0.0006849265
1815.91835	0.0006673732
1814.91845	0.0007059918
1813.91855	0.0008917454
1812.91865	0.0011521596
1811.91875	0.0014343738
1810.91885	0.0017224599
1809.91895	0.0019132914
1808.91905	0.0020475665
1807.91915	0.0018916159
1806.91925	0.0016703204
1805.91935	0.0014484349
1804.91945	0.0012363063
1803.91955	0.0012478712
1802.91965	0.0012600597
1801.91975	0.0012890620
1800.91985	0.0013249906
1799.91995	0.0013263656
1798.92005	0.0013400875
1797.92015	0.0013153268
1796.92025	0.0012567134
1795.92035	0.0011624452
1794.92045	0.0010993163
1793.92055	0.0011593134
1792.92065	0.0012658072
1791.92075	0.0014659360
1790.92085	0.0017238966
1789.92095	0.0020053913
1788.92105	0.0023337337
1787.92115	0.0026038727
1786.92125	0.0026440637
1785.92135	0.0025010598
1784.92145	0.0020536790
1783.92155	0.0015097304
1782.92165	0.0010259402
1781.92175	0.0006115746
1780.92185	0.0004792809
1779.92195	0.0004245710
1778.92205	0.0005258451
1777.92215	0.0006173864
1776.92225	0.0007882791
1775.92235	0.0009111124
1774.92245	0.0011902798
1773.92255	0.0014332328
1772.92265	0.0016244400
1771.92275	0.0017044593
1770.92285	0.0013541671
1769.92295	0.0010108500
1768.92305	0.0005812831
1767.92315	0.0002883702
1766.92325	0.0001599101
1765.92335	0.0001233137
1764.92345	0.0001682261
1763.92355	0.0001818598
1762.92365	0.0001953479
1761.92375	0.0002490352
1760.92385	0.0003894255
1759.92395	0.0007317996
1758.92405	0.0011905805
1757.92415	0.0017592632
1756.92425	0.0023152404
1755.92435	0.0026440728
1754.92445	0.0028365415
1753.92455	0.0028523691
1752.92465	0.0027890434
1751.92475	0.0026745196
1750.92485	0.0025800541
1749.92495	0.0022657034
1748.92505	0.0019990697
1747.92515	0.0015744513
1746.92525	0.0011876608
1745.92535	0.0008879604
1744.92545	0.0006401786
1743.92555	0.0005946981
1742.92565	0.0006602330
1741.92575	0.0009672216
1740.92585	0.0012678663
1739.92595	0.0015374700
1738.92605	0.0017028243
1737.92615	0.0016972182
1736.92625	0.0015709684
1735.92635	0.0013710671
1734.92645	0.0010998037
1733.92655	0.0009340410
1732.92665	0.0007166626
1731.92675	0.0005988640
1730.92685	0.0006790371
1729.92695	0.0008022321
1728.92705	0.0011625413
1727.92715	0.0014746742
1726.92725	0.0017347481
1725.92735	0.0018874229
1724.92745	0.0017452118
1723.92755	0.0015272222
1722.92765	0.0013026963
1721.92775	0.0010663940
1720.92785	0.0011861040
1719.92795	0.0012439245
1718.92805	0.0013772227
1717.92815	0.0014697927
1716.92825	0.0013709636
1715.92835	0.0013461659
1714.92845	0.0011758602
1713.92855	0.0010822692
1712.92865	0.0009347841
1711.92875	0.0006600442
1710.92885	0.0002504953
1709.92895	-0.0000850151
1708.92905	-0.0002994134
1707.92915	-0.0001776297
1706.92925	0.0001874367
1705.92935	0.0007086285
1704.92945	0.0012501600
1703.92955	0.0017207083
1702.92965	0.0020789774
1701.92975	0.0023447077
1700.92985	0.0025791011
1699.92995	0.0023087142
1698.93005	0.0020531002
1697.93015	0.0014004651
1696.93025	0.0008605808
1695.93035	0.0004628689
1694.93045	0.0002934002
1693.93055	0.0004824112
1692.93065	0.0007784069
1691.93075	0.0012032371
1690.93085	0.0015072251
1689.93095	0.0017535299
1688.93105	0.0018068897
1687.93115	0.0017699784
1686.93125	0.0016774300
1685.93135	0.0017221408
1684.93145	0.0018234930
1683.93155	0.0020785166
1682.93165	0.0023457806
1681.93175	0.0025291222
1680.93185	0.0026160332
1679.93195	0.0024903256
1678.93205	0.0023984108
1677.93215	0.0022565229
1676.93225	0.0022997153
1675.93235	0.0024332202
1674.93245	0.0025247037
1673.93256	0.0026548957
1672.93266	0.0027554480
1671.93276	0.0028522601
1670.93286	0.0030394075
1669.93296	0.0032316453
1668.93306	0.0032702966
1667.93316	0.0033497701
1666.93326	0.0033484146
1665.93336	0.0033147335
1664.93346	0.0032494359
1663.93356	0.0031100232
1662.93366	0.0029316389
1661.93376	0.0026887418
1660.93386	0.0023101131
1659.93396	0.0019168863
1658.93406	0.0014310885
1657.93416	0.0009692792
1656.93426	0.0005075303
1655.93436	0.0001236910
1654.93446	-0.0000788888
1653.93456	-0.0003850886
1652.93466	-0.0004944889
1651.93476	-0.0007065649
1650.93486	-0.0008099608
1649.93496	-0.0004251330
1648.93506	-0.0000287740
1647.93516	0.0003732260
1646.93526	0.0006654235
1645.93536	0.0006950622
1644.93546	0.0007829859
1643.93556	0.0008857519
1642.93566	0.0010132550
1641.93576	0.0012398469
1640.93586	0.0013139341
1639.93596	0.0012980247
1638.93606	0.0011312314
1637.93616	0.0009569299
1636.93626	0.0007608464
1635.93636	0.0005880589
1634.93646	0.0004781786
1633.93656	0.0002796112
1632.93666	0.0001808924
1631.93676	0.0000616688
1630.93686	0.0000281310
1629.93696	0.0000807652
1628.93706	0.0002374003
1627.93716	0.0004974003
1626.93726	0.0006920986
1625.93736	0.0008302027
1624.93746	0.0007383776
1623.93756	0.0005531185
1622.93766	0.0002732835
1621.93776	-0.0000330699
1620.93786	-0.0002404928
1619.93796	-0.0004889381
1618.93806	-0.0005243875
1617.93816	-0.0005190011
1616.93826	-0.0004486271
1615.93836	-0.0002127117
1614.93846	-0.0000933246
1613.93856	0.0001064978
1612.93866	0.0002158293
1611.93876	0.0002449342
1610.93886	0.0002307114
1609.93896	0.0001542813
1608.93906	0.0000867136
1607.93916	-0.0000348879
1606.93926	-0.0002247252
1605.93936	-0.0003256994
1604.93946	-0.0002991896
1603.93956	-0.0001757591
1602.93966	0.0000396647
1601.93976	0.0002122583
1600.93986	0.0003411488
1599.93996	0.0004141301
1598.94006	0.0004516346
1597.94016	0.0005041227
1596.94026	0.0005445589
1595.94036	0.0004138512
1594.94046	0.0002382052
1593.94056	0.0001800929
1592.94066	0.0001740758
1591.94076	0.0003330222
1590.94086	0.0005085984
1589.94096	0.0005940750
1588.94106	0.0006676773
1587.94116	0.0007138026
1586.94126	0.0007471426
1585.94136	0.0007369625
1584.94146	0.0007237725
1583.94156	0.0007148470
1582.94166	0.0007473718
1581.94176	0.0008655274
1580.94186	0.0009069245
1579.94196	0.0008339513
1578.94206	0.0006085129
1577.94216	0.0002926574
1576.94226	-0.0000075574
1575.94236	-0.0001897201
1574.94246	-0.0002046731
1573.94256	-0.0001086852
1572.94266	0.0001789974
1571.94276	0.0005011979
1570.94286	0.0008339312
1569.94296	0.0011404150
1568.94306	0.0011394768
1567.94316	0.0010523769
1566.94326	0.0007824597
1565.94336	0.0004445083
1564.94346	0.0002616990
1563.94356	-0.0000461706
1562.94366	-0.0001457603
1561.94376	-0.0003415829
1560.94386	-0.0000800719
1559.94396	0.0002471131
1558.94406	0.0004281382
1557.94416	0.0007541584
1556.94426	0.0006660056
1555.94436	0.0006975917
1554.94446	0.0006836245
1553.94456	0.0006277695
1552.94466	0.0005492156
1551.94476	0.0004222403
1550.94486	0.0002913022
1549.94496	0.0001611948
1548.94506	0.0000446334
1547.94516	0.0000061679
1546.94526	0.0000279585
1545.94536	0.0002330774
1544.94546	0.0005140936
1543.94556	0.0007871259
1542.94566	0.0010256858
1541.94576	0.0010326868
1540.94586	0.0010433159
1539.94596	0.0005781645
1538.94606	0.0002205109
1537.94616	-0.0000858239
1536.94626	-0.0002908730
1535.94636	0.0000313976
1534.94646	0.0002711914
1533.94656	0.0005624770
1532.94666	0.0007511262
1531.94676	0.0007293819
1530.94686	0.0007141718
1529.94696	0.0007442710
1528.94706	0.0007557214
1527.94716	0.0008032672
1526.94726	0.0007807416
1525.94736	0.0006891431
1524.94746	0.0005206413
1523.94757	0.0002904778
1522.94767	0.0001417377
1521.94777	0.0001386564
1520.94787	0.0002269407
1519.94797	0.0003970520
1518.94807	0.0003971876
1517.94817	0.0002517206
1516.94827	-0.0000942080
1515.94837	-0.0005498338
1514.94847	-0.0008629867
1513.94857	-0.0011289654
1512.94867	-0.0010126403
1511.94877	-0.0008756674
1510.94887	-0.0005577690
1509.94897	-0.0003195265
1508.94907	0.0000288206
1507.94917	0.0003692216
1506.94927	0.0004280948
1505.94937	0.0006048815
1504.94947	0.0003904212
1503.94957	0.0003590099
1502.94967	0.0004737443
1501.94977	0.0006140305
1500.94987	0.0009259046
1499.94997	0.0011338337
1498.95007	0.0013449006
1497.95017	0.0014222824
1496.95027	0.0013821988
1495.95037	0.0012536524
1494.95047	0.0010130273
1493.95057	0.0008141821
1492.95067	0.0006194389
1491.95077	0.0006579678
1490.95087	0.0008344159
1489.95097	0.0010262831
1488.95107	0.0012360680
1487.95117	0.0011284625
1486.95127	0.0009133036
1485.95137	0.0003703262
1484.95147	-0.0002406057
1483.95157	-0.0006088616
1482.95167	-0.0009414389
1481.95177	-0.0008814230
1480.95187	-0.0008050628
1479.95197	-0.0005846932
1478.95207	-0.0003707127
1477.95217	-0.0000789237
1476.95227	0.0001654687
1475.95237	0.0003665654
1474.95247	0.0004727420
1473.95257	0.0004007505
1472.95267	0.0002361694
1471.95277	-0.0001356186
1470.95287	-0.0004436413
1469.95297	-0.0007407946
1468.95307	-0.0008717959
1467.95317	-0.0008764654
1466.95327	-0.0009191340
1465.95337	-0.0009746942
1464.95347	-0.0010662910
1463.95357	-0.0011300982
1462.95367	-0.0008544943
1461.95377	-0.0004621994
1460.95387	0.0000960387
1459.95397	0.0006018105
1458.95407	0.0007250792
1457.95417	0.0007901642
1456.95427	0.0003920203
1455.95437	0.0001048046
1454.95447	-0.0003177903
1453.95457	-0.0006566713
1452.95467	-0.0008287801
1451.95477	-0.0010445371
1450.95487	-0.0011233423
1449.95497	-0.0012411294
1448.95507	-0.0012837364
1447.95517	-0.0013427717
1446.95527	-0.0014312372
1445.95537	-0.0014644797
1444.95547	-0.0014203580
1443.95557	-0.0012565850
1442.95567	-0.0009577922
1441.95577	-0.0007604180
1440.95587	-0.0006941533
1439.95597	-0.0008020792
1438.95607	-0.0010258635
1437.95617	-0.0011526045
1436.95627	-0.0011573135
1435.95637	-0.0010903046
1434.95647	-0.0009517290
1433.95657	-0.0008221808
1432.95667	-0.0007253988
1431.95677	-0.0007132280
1430.95687	-0.0007529856
1429.95697	-0.0008069229
1428.95707	-0.0008621826
1427.95717	-0.0008929342
1426.95727	-0.0009314893
1425.95737	-0.0010209765
1424.95747	-0.0011421206
1423.95757	-0.0013138570
1422.95767	-0.0014958278
1421.95777	-0.0016069910
1420.95787	-0.0017356626
1419.95797	-0.0018604971
1418.95807	-0.0019399002
1417.95817	-0.0019818498
1416.95827	-0.0019107327
1415.95837	-0.0017521230
1414.95847	-0.0014927535
1413.95857	-0.0011594612
1412.95867	-0.0008912772
1411.95877	-0.0006793569
1410.95887	-0.0005710020
1409.95897	-0.0005313911
1408.95907	-0.0006051565
1407.95917	-0.0007317027
1406.95927	-0.0008393973
1405.95937	-0.0009342661
1404.95947	-0.0009878183
1403.95957	-0.0010346005
1402.95967	-0.0011736740
1401.95977	-0.0013200777
1400.95987	-0.0012511712
1399.95997	-0.0011559955
1398.96007	-0.0008508054
1397.96017	-0.0005721658
1396.96027	-0.0004698488
1395.96037	-0.0004572248
1394.96047	-0.0007572097
1393.96057	-0.0010935845
1392.96067	-0.0015329719
1391.96077	-0.0018581161
1390.96087	-0.0019895851
1389.96097	-0.0019984578
1388.96107	-0.0018278621
1387.96117	-0.0016119528
1386.96127	-0.0013355339
1385.96137	-0.0010730784
1384.96147	-0.0008348866
1383.96157	-0.0007353299
1382.96167	-0.0007408559
1381.96177	-0.0008869388
1380.96187	-0.0010927836
1379.96197	-0.0011411954
1378.96207	-0.0011324697
1377.96217	-0.0009403007
1376.96227	-0.0007255808
1375.96237	-0.0006974788
1374.96247	-0.0007068504
1373.96258	-0.0010739634
1372.96268	-0.0014216095
1371.96278	-0.0016164654
1370.96288	-0.0017369192
1369.96298	-0.0015391288
1368.96308	-0.0013241525
1367.96318	-0.0010627700
1366.96328	-0.0008467346
1365.96338	-0.0007296489
1364.96348	-0.0007394487
1363.96358	-0.0009580175
1362.96368	-0.0012866075
1361.96378	-0.0017423279
1360.96388	-0.0020639733
1359.96398	-0.0022384932
1358.96408	-0.0021660828
1357.96418	-0.0019082727
1356.96428	-0.0015983252
1355.96438	-0.0012721021
1354.96448	-0.0011011694
1353.96458	-0.0009981825
1352.96468	-0.0008874785
1351.96478	-0.0007761628
1350.96488	-0.0007017426
1349.96498	-0.0006381405
1348.96508	-0.0006232862
1347.96518	-0.0006086805
1346.96528	-0.0005077943
1345.96538	-0.0004037781
1344.96548	-0.0002896908
1343.96558	-0.0001963647
1342.96568	-0.0001810974
1341.96578	-0.0001996161
1340.96588	-0.0003047615
1339.96598	-0.0003976430
1338.96608	-0.0004593516
1337.96618	-0.0004799509
1336.96628	-0.0004429188
1335.96638	-0.0004068626
1334.96648	-0.0003821486
1333.96658	-0.0003837398
1332.96668	-0.0004117894
1331.96678	-0.0004211820
1330.96688	-0.0004151621
1329.96698	-0.0004094625
1328.96708	-0.0003983289
1327.96718	-0.0002868064
1326.96728	-0.0001377342
1325.96738	-0.0001034858
1324.96748	-0.0001156307
1323.96758	-0.0003134631
1322.96768	-0.0005558465
1321.96778	-0.0009061101
1320.96788	-0.0012559002
1319.96798	-0.0013669340
1318.96808	-0.0014420971
1317.96818	-0.0012943863
1316.96828	-0.0011025592
1315.96838	-0.0007306935
1314.96848	-0.0003913708
1313.96858	-0.0001772803
1312.96868	-0.0000546674
1311.96878	-0.0001415095
1310.96888	-0.0002427281
1309.96898	-0.0003601419
1308.96908	-0.0004304999
1307.96918	-0.0004384493
1306.96928	-0.0004501258
1305.96938	-0.0004709801
1304.96948	-0.0005866637
1303.96958	-0.0007813959
1302.96968	-0.0010991365
1301.96978	-0.0014815046
1300.96988	-0.0017403660
1299.96998	-0.0019317718
1298.97008	-0.0018555437
1297.97018	-0.0016948798
1296.97028	-0.0014771202
1295.97038	-0.0012543905
1294.97048	-0.0011624746
1293.97058	-0.0010925786
1292.97068	-0.0011874873
1291.97078	-0.0012848702
1290.97088	-0.0013592186
1289.97098	-0.0014199265
1288.97108	-0.0014123055
1287.97118	-0.0013710795
1286.97128	-0.0012222771
1285.97138	-0.0010405489
1284.97148	-0.0007893526
1283.97158	-0.0006044485
1282.97168	-0.0005397552
1281.97178	-0.0005436092
1280.97188	-0.0006292837
1279.97198	-0.0006002630
1278.97208	-0.0004553313
1277.97218	-0.0003380079
1276.97228	-0.0002505684
1275.97238	-0.0003071100
1274.97248	-0.0004440745
1273.97258	-0.0004826184
1272.97268	-0.0004795682
1271.97278	-0.0004698048
1270.97288	-0.0004724827
1269.97298	-0.0007673897
1268.97308	-0.0011234217
1267.97318	-0.0015430714
1266.97328	-0.0019476358
1265.97338	-0.0017827420
1264.97348	-0.0015789554
1263.97358	-0.0011285604
1262.97368	-0.0007105008
1261.97378	-0.0004644196
1260.97388	-0.0002174246
1259.97398	0.0000461660
1258.97408	0.0003269516
1257.97418	0.0006431842
1256.97428	0.0008645723
1255.97438	0.0009126453
1254.97448	0.0008053017
1253.97458	0.0004944594
1252.97468	0.0001258647
1251.97478	-0.0002900042
1250.97488	-0.0005304969
1249.97498	-0.0006228468
1248.97508	-0.0004112222
1247.97518	-0.0000266493
1246.97528	0.0002830896
1245.97538	0.0005463667
1244.97548	0.0003836629
1243.97558	0.0000922759
1242.97568	-0.0003576225
1241.97578	-0.0008244509
1240.97588	-0.0010675130
1239.97598	-0.0012656470
1238.97608	-0.0009819630
1237.97618	-0.0006803559
1236.97628	-0.0003387810
1235.97638	-0.0000749525
1234.97648	-0.0002223335
1233.97658	-0.0003988145
1232.97668	-0.0006529171
1231.97678	-0.0007909685
1230.97688	-0.0006523821
1229.97698	-0.0004714884
1228.97708	-0.0002262444
1227.97718	-0.0000339085
1226.97728	0.0000859967
1225.97738	0.0001650684
1224.97748	0.0002040907
1223.97759	0.0002436619
1222.97769	0.0002795439
1221.97779	0.0002049008
1220.97789	0.0000661039
1219.97799	-0.0000703964
1218.97809	-0.0001984234
1217.97819	-0.0000779246
1216.97829	0.0001173380
1215.97839	0.0004362127
1214.97849	0.0007675020
1213.97859	0.0008772575
1212.97869	0.0009561658
1211.97879	0.0007944233
1210.97889	0.0006289168
1209.97899	0.0004806268
1208.97909	0.0003529566
1207.97919	0.0003377125
1206.97929	0.0003623452
1205.97939	0.0005199816
1204.97949	0.0006881082
1203.97959	0.0008762942
1202.97969	0.0009807396
1201.97979	0.0009369420
1200.97989	0.0008098150
1199.97999	0.0005776052
1198.98009	0.0003943474
1197.98019	0.0002637686
1196.98029	0.0002144567
1195.98039	0.0002274692
1194.98049	0.0002771491
1193.98059	0.0003455848
1192.98069	0.0003758579
1191.98079	0.0003862421
1190.98089	0.0002764062
1189.98099	0.0001287498
1188.98109	-0.0001168306
1187.98119	-0.0003786692
1186.98129	-0.0005835729
1185.98139	-0.0007796302
1184.98149	-0.0008515925
1183.98159	-0.0009179278
1182.98169	-0.0009456441
1181.98179	-0.0009730775
1180.98189	-0.0009986116
1179.98199	-0.0009667972
1178.98209	-0.0007476928
1177.98219	-0.0005234805
1176.98229	-0.0003013002
1175.98239	-0.0001808313
1174.98249	-0.0002425674
1173.98259	-0.0003233776
1172.98269	-0.0004280894
1171.98279	-0.0004247338
1170.98289	-0.0003114514
1169.98299	-0.0000824807
1168.98309	0.0002352892
1167.98319	0.0006562428
1166.98329	0.0011287697
1165.98339	0.0013843674
1164.98349	0.0015395508
1163.98359	0.0012951118
1162.98369	0.0009375173
1161.98379	0.0006493212
1160.98389	0.0003798836
1159.98399	0.0004780902
1158.98409	0.0006064736
1157.98419	0.0008382737
1156.98429	0.0010493650
1155.98439	0.0010936514
1154.98449	0.0011091299
1153.98459	0.0009940355
1152.98469	0.0009019711
1151.98479	0.0008997992
1150.98489	0.0009109234
1149.98499	0.0009549527
1148.98509	0.0009439793
1147.98519	0.0008373950
1146.98529	0.0006587184
1145.98539	0.0003890830
1144.98549	0.0001504913
1143.98559	-0.0000540558
1142.98569	-0.0001616806
1141.98579	-0.0001957940
1140.98589	-0.0001716315
1139.98599	-0.0001154360
1138.98609	-0.0000616909
1137.98619	-0.0000081777
1136.98629	0.0000775031
1135.98639	0.0001729329
1134.98649	0.0002784739
1133.98659	0.0003808626
1132.98669	0.0003381396
1131.98679	0.0002806141
1130.98689	0.0001067442
1129.98699	-0.0000567428
1128.98709	-0.0001214279
1127.98719	-0.0001873720
1126.98729	-0.0002758212
1125.98739	-0.0004181694
1124.98749	-0.0007534220
1123.98759	-0.0010876758
1122.98769	-0.0014200463
1121.98779	-0.0015801140
1120.98789	-0.0014414808
1119.98799	-0.0010896997
1118.98809	-0.0004661211
1117.98819	0.0001309933
1116.98829	0.0006933745
1115.98839	0.0009572729
1114.98849	0.0009954545
1113.98859	0.0009105589
1112.98869	0.0007564372
1111.98879	0.0004896178
1110.98889	0.0001741898
1109.98899	-0.0003259280
1108.98909	-0.0008719846
1107.98919	-0.0011250635
1106.98929	-0.0013220818
1105.98939	-0.0011713438
1104.98949	-0.0009922410
1103.98959	-0.0008459728
1102.98969	-0.0006823566
1101.98979	-0.0003484525
1100.98989	-0.0000262062
1099.98999	0.0002166684
1098.99009	0.0003516219
1097.99019	0.0001116573
1096.99029	-0.0001969693
1095.99039	-0.0006642426
1094.99049	-0.0009188519
1093.99059	-0.0008016592
1092.99069	-0.0005985514
1091.99079	-0.0002886757
1090.99089	-0.0001261162
1089.99099	-0.0001097488
1088.99109	-0.0001679526
1087.99119	-0.0002781845
1086.99129	-0.0002144951
1085.99139	-0.0000535794
1084.99149	0.0001892383
1083.99159	0.0004635605
1082.99169	0.0006388236
1081.99179	0.0007870197
1080.99189	0.0008908449
1079.99199	0.0009875946
1078.99209	0.0011087189
1077.99219	0.0012278855
1076.99229	0.0010925859
1075.99239	0.0009433216
1074.99249	0.0006541418
1073.99260	0.0003548285
1072.99270	0.0000033486
1071.99280	-0.0003464788
1070.99290	-0.0006891637
1069.99300	-0.0009886476
1068.99310	-0.0011836080
1067.99320	-0.0012918656
1066.99330	-0.0012490553
1065.99340	-0.0011443684
1064.99350	-0.0009601435
1063.99360	-0.0007883277
1062.99370	-0.0006284789
1061.99380	-0.0005296549
1060.99390	-0.0004750362
1059.99400	-0.0003775865
1058.99410	-0.0002560576
1057.99420	-0.0000912365
1056.99430	0.0000897218
1055.99440	0.0001808125
1054.99450	0.0002466551
1053.99460	0.0002438836
1052.99470	0.0002292261
1051.99480	0.0002928143
1050.99490	0.0003613269
1049.99500	0.0005406949
1048.99510	0.0007171408
1047.99520	0.0008898306
1046.99530	0.0010648516
1045.99540	0.0012709430
1044.99550	0.0015064711
1043.99560	0.0018570282
1042.99570	0.0021303932
1041.99580	0.0022216253
1040.99590	0.0021285284
1039.99600	0.0017169459
1038.99610	0.0013414982
1037.99620	0.0010154032
1036.99630	0.0009498834
1035.99640	0.0011375668
1034.99650	0.0013043323
1033.99660	0.0014533577
1032.99670	0.0011303243
1031.99680	0.0005513924
1030.99690	-0.0002328427
1029.99700	-0.0010937200
1028.99710	-0.0014463848
1027.99720	-0.0016609636
1026.99730	-0.0011111670
1025.99740	-0.0004391145
1024.99750	0.0001828852
1023.99760	0.0007951162
1022.99770	0.0007394856
1021.99780	0.0006647666
1020.99790	0.0003756531
1019.99800	0.0001455432
1018.99810	0.0002479656
1017.99820	0.0003916297
1016.99830	0.0006795510
1015.99840	0.0009551290
1014.99850	0.0012022646
1013.99860	0.0015155709
1012.99870	0.0019448916
1011.99880	0.0024218305
1010.99890	0.0029602735
1009.99900	0.0033693200
1008.99910	0.0036525321
1007.99920	0.0038292294
1006.99930	0.0039291615
1005.99940	0.0038950939
1004.99950	0.0037892603
1003.99960	0.0034849418
1002.99970	0.0031044486
1001.99980	0.0027253756
1000.99990	0.0023466069
1000.00000	0.0020956986
