3997.70000	-0.0003453231
3996.70010	-0.0001955887
3995.70020	0.0000132329
3994.70030	0.0002047398
3993.70040	0.0003580287
3992.70050	0.0004574243
3991.70060	0.0005138731
3990.70070	0.0005264775
3989.70080	0.0005075591
3988.70090	0.0004478060
3987.70100	0.0003658091
3986.70110	0.0002839207
3985.70120	0.0002366066
3984.70130	0.0002622404
3983.70140	0.0003241783
3982.70150	0.0004025082
3981.70160	0.0004543133
3980.70170	0.0004657999
3979.70180	0.0004674222
3978.70190	0.0004891920
3977.70200	0.0005652740
3976.70210	0.0006889678
3975.70220	0.0008120768
3974.70230	0.0008906075
3973.70240	0.0008853475
3972.70250	0.0008120594
3971.70260	0.0007082371
3970.70270	0.0006033476
3969.70280	0.0005143927
3968.70290	0.0004354940
3967.70300	0.0003629409
3966.70310	0.0003420184
3965.70320	0.0004293181
3964.70330	0.0006174024
3963.70340	0.0009135122
3962.70350	0.0011741911
3961.70360	0.0013082433
3960.70370	0.0013229704
3959.70380	0.0012003044
3958.70390	0.0010796739
3957.70400	0.0010102541
3956.70410	0.0010014769
3955.70420	0.0010823652
3954.70430	0.0012755720
3953.70440	0.0016404894
3952.70450	0.0022115589
3951.70460	0.0029711532
3950.70470	0.0037486623
3949.70480	0.0043856259
3948.70490	0.0046859239
3947.70500	0.0046951026
3946.70510	0.0046255155
3945.70520	0.0046691443
3944.70530	0.0050002760
3943.70540	0.0053770840
3942.70550	0.0054522967
3941.70560	0.0050787143
3940.70570	0.0041436683
3939.70580	0.0030553960
3938.70590	0.0021750382
3937.70600	0.0017607678
3936.70610	0.0020978493
3935.70620	0.0030555881
3934.70630	0.0046939300
3933.70640	0.0063535385
3932.70650	0.0076450449
3931.70660	0.0081603695
3930.70670	0.0075830230
3929.70680	0.0066306442
3928.70690	0.0056349738
3927.70700	0.0051692110
3926.70710	0.0054304628
3925.70720	0.0059805936
3924.70730	0.0066092019
3923.70740	0.0070558740
3922.70751	0.0074248337
3921.70761	0.0081313998
3920.70771	0.0092674904
3919.70781	0.0107207336
3918.70791	0.0119710313
3917.70801	0.0122678066
3916.70811	0.0114051318
3915.70821	0.0092698243
3914.70831	0.0065976647
3913.70841	0.0040923026
3912.70851	0.0022037444
3911.70861	0.0013582336
3910.70871	0.0013570857
3909.70881	0.0023583493
3908.70891	0.0046502622
3907.70901	0.0088854022
3906.70911	0.0144723151
3905.70921	0.0214390550
3904.70931	0.0279418100
3903.70941	0.0328823663
3902.70951	0.0357559100
3901.70961	0.0357901417
3900.70971	0.0337423459
3899.70981	0.0295725912
3898.70991	0.0241689887
3897.71001	0.0182430986
3896.71011	0.0133214807
3895.71021	0.0105268722
3894.71031	0.0107551524
3893.71041	0.0134738144
3892.71051	0.0169634800
3891.71061	0.0198479202
3890.71071	0.0207987688
3889.71081	0.0208963677
3888.71091	0.0217060279
3887.71101	0.0235813223
3886.71111	0.0266009700
3885.71121	0.0287898332
3884.71131	0.0283790827
3883.71141	0.0265614390
3882.71151	0.0239045769
3881.71161	0.0215128269
3880.71171	0.0199522749
3879.71181	0.0180808529
3878.71191	0.0154946959
3877.71201	0.0134828761
3876.71211	0.0128803775
3875.71221	0.0140044894
3874.71231	0.0174269155
3873.71241	0.0224172361
3872.71251	0.0287251770
3871.71261	0.0350460708
3870.71271	0.0400600620
3869.71281	0.0418762565
3868.71291	0.0403093882
3867.71301	0.0370184667
3866.71311	0.0333222225
3865.71321	0.0308746845
3864.71331	0.0292097852
3863.71341	0.0270711631
3862.71351	0.0240908656
3861.71361	0.0201517195
3860.71371	0.0167284720
3859.71381	0.0157692824
3858.71391	0.0197132453
3857.71401	0.0317077301
3856.71411	0.0499926955
3855.71421	0.0743862167
3854.71431	0.0953579023
3853.71441	0.1056113392
3852.71451	0.1040093228
3851.71461	0.0861322582
3850.71471	0.0637651160
3849.71481	0.0409126319
3848.71491	0.0230683740
3847.71501	0.0135704177
3846.71511	0.0094969887
3845.71521	0.0104585690
3844.71531	0.0134709440
3843.71541	0.0178854372
3842.71551	0.0234931074
3841.71561	0.0306716766
3840.71571	0.0398542956
3839.71581	0.0497053117
3838.71591	0.0573928244
3837.71601	0.0608309768
3836.71611	0.0578993633
3835.71621	0.0505732186
3834.71631	0.0413922444
3833.71641	0.0326899141
3832.71651	0.0264137927
3831.71661	0.0217180084
3830.71671	0.0181120131
3829.71681	0.0152201215
3828.71691	0.0131191323
3827.71701	0.0119392090
3826.71711	0.0122805135
3825.71721	0.0144400839
3824.71731	0.0193522777
3823.71741	0.0260198731
3822.71751	0.0340687260
3821.71761	0.0404363498
3820.71771	0.0438033529
3819.71781	0.0457239300
3818.71791	0.0467950255
3817.71801	0.0483945422
3816.71811	0.0495673791
3815.71821	0.0469845347
3814.71831	0.0398269519
3813.71841	0.0295157433
3812.71851	0.0188395772
3811.71861	0.0123977456
3810.71871	0.0113136917
3809.71881	0.0157172922
3808.71891	0.0227317847
3807.71901	0.0290809590
3806.71911	0.0336269401
3805.71921	0.0356321633
3804.71931	0.0378743783
3803.71941	0.0425896496
3802.71951	0.0476322249
3801.71961	0.0512026548
3800.71971	0.0507227369
3799.71981	0.0434537493
3798.71991	0.0346223935
3797.72001	0.0259584021
3796.72011	0.0188788716
3795.72021	0.0143316621
3794.72031	0.0104351314
3793.72041	0.0069118040
3792.72051	0.0040483787
3791.72061	0.0021061320
3790.72071	0.0010477564
3789.72081	0.0009061039
3788.72091	0.0012893837
3787.72101	0.0020633074
3786.72111	0.0030096674
3785.72121	0.0039551468
3784.72131	0.0047232914
3783.72141	0.0055228835
3782.72151	0.0067201271
3781.72161	0.0082382606
3780.72171	0.0098684756
3779.72181	0.0108542293
3778.72191	0.0103250127
3777.72201	0.0087050302
3776.72211	0.0061925673
3775.72221	0.0041221916
3774.72231	0.0035858154
3773.72241	0.0046779350
3772.72252	0.0080796257
3771.72262	0.0120118707
3770.72272	0.0158031378
3769.72282	0.0182786789
3768.72292	0.0185433310
3767.72302	0.0176485162
3766.72312	0.0157164671
3765.72322	0.0136487270
3764.72332	0.0118638501
3763.72342	0.0107955625
3762.72352	0.0108684078
3761.72362	0.0122776451
3760.72372	0.0146275228
3759.72382	0.0166524630
3758.72392	0.0180557035
3757.72402	0.0190398563
3756.72412	0.0213207752
3755.72422	0.0275390614
3754.72432	0.0380753130
3753.72442	0.0531514958
3752.72452	0.0687869191
3751.72462	0.0808280185
3750.72472	0.0873971209
3749.72482	0.0859959796
3748.72492	0.0826711729
3747.72502	0.0809913427
3746.72512	0.0823021755
3745.72522	0.0877606720
3744.72532	0.0894100890
3743.72542	0.0821157768
3742.72552	0.0692197606
3741.72562	0.0512687564
3740.72572	0.0373568013
3739.72582	0.0318910144
3738.72592	0.0328483321
3737.72602	0.0396794267
3736.72612	0.0464879759
3735.72622	0.0510778800
3734.72632	0.0524290800
3733.72642	0.0501579866
3732.72652	0.0451916158
3731.72662	0.0382375866
3730.72672	0.0305672809
3729.72682	0.0235330146
3728.72692	0.0188186038
3727.72702	0.0163960103
3726.72712	0.0161357597
3725.72722	0.0166659784
3724.72732	0.0168100093
3723.72742	0.0164566543
3722.72752	0.0154650779
3721.72762	0.0140640261
3720.72772	0.0122503573
3719.72782	0.0102690589
3718.72792	0.0083276825
3717.72802	0.0074285930
3716.72812	0.0087618213
3715.72822	0.0126892235
3714.72832	0.0201225728
3713.72842	0.0284839924
3712.72852	0.0362923928
3711.72862	0.0404668413
3710.72872	0.0392795354
3709.72882	0.0342369415
3708.72892	0.0261516944
3707.72902	0.0181902424
3706.72912	0.0118099805
3705.72922	0.0081974017
3704.72932	0.0073773162
3703.72942	0.0084953737
3702.72952	0.0102484478
3701.72962	0.0109223993
3700.72972	0.0102581885
3699.72982	0.0081500942
3698.72992	0.0056259492
3697.73002	0.0036909818
3696.73012	0.0027924485
3695.73022	0.0036606388
3694.73032	0.0063508423
3693.73042	0.0117436582
3692.73052	0.0195602365
3691.73062	0.0306104012
3690.73072	0.0415157750
3689.73082	0.0501028784
3688.73092	0.0534299426
3687.73102	0.0483885556
3686.73112	0.0389673486
3685.73122	0.0261620265
3684.73132	0.0151933748
3683.73142	0.0083141103
3682.73152	0.0052321465
3681.73162	0.0063583874
3680.73172	0.0105024176
3679.73182	0.0179273821
3678.73192	0.0287298001
3677.73202	0.0413324982
3676.73212	0.0524476133
3675.73222	0.0599297136
3674.73232	0.0614154264
3673.73242	0.0594511032
3672.73252	0.0571055189
3671.73262	0.0550571419
3670.73272	0.0533681177
3669.73282	0.0495633818
3668.73292	0.0409008227
3667.73302	0.0302454252
3666.73312	0.0189460739
3665.73322	0.0095706861
3664.73332	0.0044587487
3663.73342	0.0014006634
3662.73352	0.0006586779
3661.73362	0.0010884679
3660.73372	0.0029438504
3659.73382	0.0063383942
3658.73392	0.0114433309
3657.73402	0.0165037252
3656.73412	0.0205644704
3655.73422	0.0226950161
3654.73432	0.0234328136
3653.73442	0.0258369856
3652.73452	0.0311805233
3651.73462	0.0398193672
3650.73472	0.0495551489
3649.73482	0.0557990596
3648.73492	0.0567202382
3647.73502	0.0506022871
3646.73512	0.0400925688
3645.73522	0.0281866733
3644.73532	0.0173576642
3643.73542	0.0100018578
3642.73552	0.0052635395
3641.73562	0.0031811676
3640.73572	0.0022451316
3639.73582	0.0019986990
3638.73592	0.0020972867
3637.73602	0.0025956964
3636.73612	0.0034625358
3635.73622	0.0049957396
3634.73632	0.0074664154
3633.73642	0.0117181176
3632.73652	0.0184544325
3631.73662	0.0282612238
3630.73672	0.0383329354
3629.73682	0.0464695394
3628.73692	0.0487842634
3627.73702	0.0438379310
3626.73712	0.0344857685
3625.73722	0.0230863858
3624.73732	0.0145644899
3623.73742	0.0104051651
3622.73753	0.0110188257
3621.73763	0.0149325347
3620.73773	0.0198233072
3619.73783	0.0238390490
3618.73793	0.0249827281
3617.73803	0.0240573939
3616.73813	0.0216343179
3615.73823	0.0194353797
3614.73833	0.0189293977
3613.73843	0.0195658859
3612.73853	0.0214222632
3611.73863	0.0234574806
3610.73873	0.0251137894
3609.73883	0.0257410239
3608.73893	0.0244012438
3607.73903	0.0214884020
3606.73913	0.0166692566
3605.73923	0.0118370606
3604.73933	0.0078427335
3603.73943	0.0053370758
3602.73953	0.0047179116
3601.73963	0.0049377503
3600.73973	0.0056833387
3599.73983	0.0063848072
3598.73993	0.0069640283
3597.74003	0.0075965817
3596.74013	0.0082252333
3595.74023	0.0086754067
3594.74033	0.0088600395
3593.74043	0.0087034060
3592.74053	0.0088272579
3591.74063	0.0101178922
3590.74073	0.0125807440
3589.74083	0.0163856745
3588.74093	0.0198514480
3587.74103	0.0213513039
3586.74113	0.0207772162
3585.74123	0.0171381868
3584.74133	0.0127484715
3583.74143	0.0084656039
3582.74153	0.0050651925
3581.74163	0.0033626768
3580.74173	0.0023804575
3579.74183	0.0021157092
3578.74193	0.0020271982
3577.74203	0.0019776199
3576.74213	0.0019049376
3575.74223	0.0017772126
3574.74233	0.0016539730
3573.74243	0.0017329183
3572.74253	0.0024448100
3571.74263	0.0041660643
3570.74273	0.0072216168
3569.74283	0.0112259714
3568.74293	0.0151655907
3567.74303	0.0180603378
3566.74313	0.0185576510
3565.74323	0.0170380175
3564.74333	0.0138389124
3563.74343	0.0102136806
3562.74353	0.0072694421
3561.74363	0.0050565791
3560.74373	0.0038236440
3559.74383	0.0029848458
3558.74393	0.0023576575
3557.74403	0.0018914961
3556.74413	0.0017064238
3555.74423	0.0017969453
3554.74433	0.0023248906
3553.74443	0.0029009136
3552.74453	0.0034015214
3551.74463	0.0037456078
3550.74473	0.0039260257
3549.74483	0.0043415911
3548.74493	0.0051163859
3547.74503	0.0060706744
3546.74513	0.0069728293
3545.74523	0.0072707557
3544.74533	0.0067974753
3543.74543	0.0056808670
3542.74553	0.0041745733
3541.74563	0.0027846494
3540.74573	0.0017225794
3539.74583	0.0012070549
3538.74593	0.0010949613
3537.74603	0.0012308919
3536.74613	0.0013797628
3535.74623	0.0013242183
3534.74633	0.0011658912
3533.74643	0.0009793984
3532.74653	0.0009647797
3531.74663	0.0013422268
3530.74673	0.0019112458
3529.74683	0.0026728569
3528.74693	0.0033564812
3527.74703	0.0038145338
3526.74713	0.0041285143
3525.74723	0.0042308383
3524.74733	0.0041871667
3523.74743	0.0039279805
3522.74753	0.0034704886
3521.74763	0.0028014823
3520.74773	0.0020965755
3519.74783	0.0014431837
3518.74793	0.0009492949
3517.74803	0.0006422933
3516.74813	0.0004673601
3515.74823	0.0004241673
3514.74833	0.0005210232
3513.74843	0.0007566929
3512.74853	0.0011404302
3511.74863	0.0015656828
3510.74873	0.0019066336
3509.74883	0.0020951293
3508.74893	0.0020322322
3507.74903	0.0019367157
3506.74913	0.0019847923
3505.74923	0.0022222318
3504.74933	0.0027559383
3503.74943	0.0032016707
3502.74953	0.0032773132
3501.74963	0.0030677237
3500.74973	0.0024468582
3499.74983	0.0018524561
3498.74993	0.0014420114
3497.75003	0.0011797581
3496.75013	0.0010850821
3495.75023	0.0009614871
3494.75033	0.0007609818
3493.75043	0.0005202105
3492.75053	0.0002844530
3491.75063	0.0001670434
3490.75073	0.0001968338
3489.75083	0.0003329877
3488.75093	0.0005303242
3487.75103	0.0006961824
3486.75113	0.0008422125
3485.75123	0.0010049134
3484.75133	0.0012080574
3483.75143	0.0014887798
3482.75153	0.0017441462
3481.75163	0.0018527368
3480.75173	0.0017951478
3479.75183	0.0014911192
3478.75193	0.0011248372
3477.75203	0.0007968051
3476.75213	0.0005379895
3475.75223	0.0004217179
3474.75233	0.0003592091
3473.75243	0.0003484061
3472.75254	0.0003847790
3471.75264	0.0004660483
3470.75274	0.0005789682
3469.75284	0.0007179225
3468.75294	0.0008227468
3467.75304	0.0008792841
3466.75314	0.0008758627
3465.75324	0.0008271091
3464.75334	0.0007943162
3463.75344	0.0007854719
3462.75354	0.0007914959
3461.75364	0.0007771381
3460.75374	0.0006933322
3459.75384	0.0005502098
3458.75394	0.0003828482
3457.75404	0.0002308963
3456.75414	0.0001372065
3455.75424	0.0001056447
3454.75434	0.0001360547
3453.75444	0.0002038638
3452.75454	0.0003064522
3451.75464	0.0004733735
3450.75474	0.0007919502
3449.75484	0.0011944628
3448.75494	0.0017049016
3447.75504	0.0021092286
3446.75514	0.0022463822
3445.75524	0.0021881924
3444.75534	0.0018709126
3443.75544	0.0015051967
3442.75554	0.0011442669
3441.75564	0.0008091457
3440.75574	0.0005236554
3439.75584	0.0002855631
3438.75594	0.0001163598
3437.75604	0.0000414079
3436.75614	0.0000578668
3435.75624	0.0001237515
3434.75634	0.0002243108
3433.75644	0.0003329062
3432.75654	0.0004238419
3431.75664	0.0004557276
3430.75674	0.0004000804
3429.75684	0.0002353054
3428.75694	0.0000068924
3427.75704	-0.0002250111
3426.75714	-0.0003862507
3425.75724	-0.0003988090
3424.75734	-0.0002729841
3423.75744	0.0000186147
3422.75754	0.0003141365
3421.75764	0.0005263069
3420.75774	0.0006052589
3419.75784	0.0004687599
3418.75794	0.0002547021
3417.75804	-0.0000268753
3416.75814	-0.0002658082
3415.75824	-0.0004155172
3414.75834	-0.0004982669
3413.75844	-0.0005011248
3412.75854	-0.0004753511
3411.75864	-0.0004416278
3410.75874	-0.0004309333
3409.75884	-0.0004532134
3408.75894	-0.0004886938
3407.75904	-0.0004989700
3406.75914	-0.0004280671
3405.75924	-0.0002649484
3404.75934	-0.0000136494
3403.75944	0.0002694940
3402.75954	0.0005314033
3401.75964	0.0007320172
3400.75974	0.0008392546
3399.75984	0.0008877387
3398.75994	0.0008763921
3397.76004	0.0008569001
3396.76014	0.0008341621
3395.76024	0.0008510745
3394.76034	0.0009549932
3393.76044	0.0010734212
3392.76054	0.0011885484
3391.76064	0.0012135985
3390.76074	0.0010813465
3389.76084	0.0008997294
3388.76094	0.0006981253
3387.76104	0.0005687049
3386.76114	0.0005417542
3385.76124	0.0005400410
3384.76134	0.0005404642
3383.76144	0.0005029673
3382.76154	0.0004232101
3381.76164	0.0003226145
3380.76174	0.0002039889
3379.76184	0.0000782737
3378.76194	-0.0000472783
3377.76204	-0.0001623173
3376.76214	-0.0002494038
3375.76224	-0.0002945008
3374.76234	-0.0002868996
3373.76244	-0.0002035275
3372.76254	-0.0000443097
3371.76264	0.0002262411
3370.76274	0.0005209451
3369.76284	0.0007950863
3368.76294	0.0009895238
3367.76304	0.0010274865
3366.76314	0.0010108495
3365.76324	0.0009318012
3364.76334	0.0008422566
3363.76344	0.0007422929
3362.76354	0.0006358836
3361.76364	0.0005293575
3360.76374	0.0004189518
3359.76384	0.0003198571
3358.76394	0.0002491401
3357.76404	0.0002227305
3356.76414	0.0002388941
3355.76424	0.0002963307
3354.76434	0.0003781777
3353.76444	0.0004718289
3352.76454	0.0005630856
3351.76464	0.0006231262
3350.76474	0.0006212855
3349.76484	0.0005640498
3348.76494	0.0004621229
3347.76504	0.0003703572
3346.76514	0.0003419627
3345.76524	0.0003814787
3344.76534	0.0005043152
3343.76544	0.0006344116
3342.76554	0.0007243562
3341.76564	0.0007622291
3340.76574	0.0007400596
3339.76584	0.0007057743
3338.76594	0.0006870303
3337.76604	0.0006551698
3336.76614	0.0005855109
3335.76624	0.0004685298
3334.76634	0.0002929950
3333.76644	0.0001337346
3332.76654	0.0000279580
3331.76664	0.0000092223
3330.76674	0.0000873414
3329.76684	0.0002239319
3328.76694	0.0003831421
3327.76704	0.0005066916
3326.76714	0.0005642345
3325.76724	0.0005329907
3324.76734	0.0004330379
3323.76744	0.0002900272
3322.76755	0.0001425635
3321.76765	0.0000196445
3320.76775	-0.0000789397
3319.76785	-0.0001511179
3318.76795	-0.0001937576
3317.76805	-0.0001844425
3316.76815	-0.0001197053
3315.76825	0.0000229295
3314.76835	0.0001765799
3313.76845	0.0003071130
3312.76855	0.0003896204
3311.76865	0.0004151813
3310.76875	0.0004363160
3309.76885	0.0004947836
3308.76895	0.0005925641
3307.76905	0.0007244659
3306.76915	0.0008270600
3305.76925	0.0008403953
3304.76935	0.0007460673
3303.76945	0.0005373704
3302.76955	0.0003035076
3301.76965	0.0000952055
3300.76975	-0.0000216499
3299.76985	-0.0000544324
3298.76995	-0.0000450206
3297.77005	-0.0000179812
3296.77015	0.0000127228
3295.77025	0.0000667763
3294.77035	0.0001766597
3293.77045	0.0003172218
3292.77055	0.0004521569
3291.77065	0.0005386048
3290.77075	0.0005065494
3289.77085	0.0004102125
3288.77095	0.0002538819
3287.77105	0.0001058256
3286.77115	0.0000213037
3285.77125	-0.0000255878
3284.77135	-0.0000151859
3283.77145	0.0000033267
3282.77155	0.0000119604
3281.77165	0.0000019776
3280.77175	-0.0000251557
3279.77185	-0.0000230192
3278.77195	0.0000350717
3277.77205	0.0001463539
3276.77215	0.0003025118
3275.77225	0.0004622652
3274.77235	0.0006101635
3273.77245	0.0007362124
3272.77255	0.0008242956
3271.77265	0.0008415462
3270.77275	0.0007753034
3269.77285	0.0006086987
3268.77295	0.0003889594
3267.77305	0.0001766731
3266.77315	-0.0000003718
3265.77325	-0.0001089592
3264.77335	-0.0001817228
3263.77345	-0.0002325296
3262.77355	-0.0002666098
3261.77365	-0.0002726674
3260.77375	-0.0002636171
3259.77385	-0.0002303454
3258.77395	-0.0001908033
3257.77405	-0.0001424134
3256.77415	-0.0000996010
3255.77425	-0.0000746978
3254.77435	-0.0000845999
3253.77445	-0.0001482428
3252.77455	-0.0002363122
3251.77465	-0.0003295246
3250.77475	-0.0003629756
3249.77485	-0.0003128527
3248.77495	-0.0001930962
3247.77505	-0.0000376726
3246.77515	0.0000740544
3245.77525	0.0001075907
3244.77535	0.0000272639
3243.77545	-0.0001301579
3242.77555	-0.0003138655
3241.77565	-0.0004826549
3240.77575	-0.0005894558
3239.77585	-0.0006340781
3238.77595	-0.0005974561
3237.77605	-0.0004953528
3236.77615	-0.0003263512
3235.77625	-0.0001383130
3234.77635	0.0000393271
3233.77645	0.0001644517
3232.77655	0.0001869578
3231.77665	0.0001614393
3230.77675	0.0000830844
3229.77685	-0.0000069528
3228.77695	-0.0000959618
3227.77705	-0.0001783685
3226.77715	-0.0002370415
3225.77725	-0.0002645317
3224.77735	-0.0002470969
3223.77745	-0.0001923828
3222.77755	-0.0001028552
3221.77765	-0.0000101774
3220.77775	0.0000785740
3219.77785	0.0001427431
3218.77795	0.0001893898
3217.77805	0.0002341459
3216.77815	0.0002785166
3215.77825	0.0003341765
3214.77835	0.0003876158
3213.77845	0.0004316663
3212.77855	0.0004762596
3211.77865	0.0005342238
3210.77875	0.0005865463
3209.77885	0.0006180932
3208.77895	0.0006208433
3207.77905	0.0005811232
3206.77915	0.0005474403
3205.77925	0.0005365270
3204.77935	0.0005390279
3203.77945	0.0005439678
3202.77955	0.0005097653
3201.77965	0.0004300637
3200.77975	0.0003451960
3199.77985	0.0002881924
3198.77995	0.0002507342
3197.78005	0.0002148377
3196.78015	0.0001328633
3195.78025	-0.0000229691
3194.78035	-0.0002238175
3193.78045	-0.0004382368
3192.78055	-0.0005972292
3191.78065	-0.0006819984
3190.78075	-0.0006962101
3189.78085	-0.0006577284
3188.78095	-0.0005896936
3187.78105	-0.0005156653
3186.78115	-0.0004512293
3185.78125	-0.0004040483
3184.78135	-0.0003881339
3183.78145	-0.0003699860
3182.78155	-0.0003301459
3181.78165	-0.0002429894
3180.78175	-0.0000710650
3179.78185	0.0001081946
3178.78195	0.0002614963
3177.78205	0.0003553647
3176.78215	0.0003404588
3175.78225	0.0002806201
3174.78235	0.0001720139
3173.78245	0.0000610760
3172.78256	-0.0000371407
3171.78266	-0.0001276530
3170.78276	-0.0001997222
3169.78286	-0.0002489261
3168.78296	-0.0002741252
3167.78306	-0.0002892355
3166.78316	-0.0002950102
3165.78326	-0.0002814906
3164.78336	-0.0002438397
3163.78346	-0.0001823638
3162.78356	-0.0001131440
3161.78366	-0.0000622783
3160.78376	-0.0000252325
3159.78386	0.0000053146
3158.78396	0.0000275849
3157.78406	0.0000449925
3156.78416	0.0000713119
3155.78426	0.0001461912
3154.78436	0.0002465862
3153.78446	0.0003846099
3152.78456	0.0004894889
3151.78466	0.0004846661
3150.78476	0.0004204994
3149.78486	0.0002608783
3148.78496	0.0001171739
3147.78506	0.0000241468
3146.78516	-0.0000234709
3145.78526	-0.0000180244
3144.78536	-0.0000111177
3143.78546	-0.0000066859
3142.78556	-0.0000052885
3141.78566	0.0000016079
3140.78576	0.0000108363
3139.78586	0.0000176494
3138.78596	0.0000026696
3137.78606	-0.0000284765
3136.78616	-0.0000542274
3135.78626	-0.0000655883
3134.78636	-0.0000436899
3133.78646	-0.0000157710
3132.78656	-0.0000181490
3131.78666	-0.0000471393
3130.78676	-0.0001162112
3129.78686	-0.0001811599
3128.78696	-0.0002055894
3127.78706	-0.0002025733
3126.78716	-0.0001536134
3125.78726	-0.0000985601
3124.78736	-0.0000283103
3123.78746	0.0000544615
3122.78756	0.0001815771
3121.78766	0.0003361564
3120.78776	0.0005237847
3119.78786	0.0007018699
3118.78796	0.0008301974
3117.78806	0.0008769677
3116.78816	0.0008057185
3115.78826	0.0006403215
3114.78836	0.0003940108
3113.78846	0.0001411148
3112.78856	-0.0000823052
3111.78866	-0.0002229248
3110.78876	-0.0002857698
3109.78886	-0.0002985206
3108.78896	-0.0002973190
3107.78906	-0.0003345057
3106.78916	-0.0003925833
3105.78926	-0.0004421829
3104.78936	-0.0004438977
3103.78946	-0.0003324064
3102.78956	-0.0001701746
3101.78966	0.0000064397
3100.78976	0.0001588646
3099.78986	0.0002277228
3098.78996	0.0002704864
3097.79006	0.0002843967
3096.79016	0.0002794964
3095.79026	0.0002490301
3094.79036	0.0001914689
3093.79046	0.0001030012
3092.79056	0.0000261312
3091.79066	-0.0000225325
3090.79076	-0.0000444685
3089.79086	-0.0000426117
3088.79096	-0.0000443969
3087.79106	-0.0000552779
3086.79116	-0.0000643313
3085.79126	-0.0000579316
3084.79136	-0.0000124529
3083.79146	0.0000757423
3082.79156	0.0001980801
3081.79166	0.0003262782
3080.79176	0.0004155111
3079.79186	0.0004552109
3078.79196	0.0004104509
3077.79206	0.0003203818
3076.79216	0.0001769587
3075.79226	0.0000303179
3074.79236	-0.0000953889
3073.79246	-0.0002020380
3072.79256	-0.0002587742
3071.79266	-0.0002803141
3070.79276	-0.0002201730
3069.79286	-0.0001113339
3068.79296	0.0000708681
3067.79306	0.0002559229
3066.79316	0.0004053420
3065.79326	0.0004701224
3064.79336	0.0003986087
3063.79346	0.0002566978
3062.79356	0.0000589110
3061.79366	-0.0001066755
3060.79376	-0.0002070090
3059.79386	-0.0002276191
3058.79396	-0.0001735387
3057.79406	-0.0000885246
3056.79416	-0.0000082790
3055.79426	0.0000048298
3054.79436	-0.0000464114
3053.79446	-0.0001470445
3052.79456	-0.0002527708
3051.79466	-0.0002982701
3050.79476	-0.0002863635
3049.79486	-0.0002107263
3048.79496	-0.0000970401
3047.79506	0.0000303476
3046.79516	0.0001762852
3045.79526	0.0003496938
3044.79536	0.0005054357
3043.79546	0.0006178518
3042.79556	0.0006596163
3041.79566	0.0005889161
3040.79576	0.0004669814
3039.79586	0.0003053137
3038.79596	0.0001867354
3037.79606	0.0001581024
3036.79616	0.0002106862
3035.79626	0.0003521674
3034.79636	0.0005162660
3033.79646	0.0006722949
3032.79656	0.0007614671
3031.79666	0.0007529131
3030.79676	0.0006255983
3029.79686	0.0004012739
3028.79696	0.0001438099
3027.79706	-0.0001020122
3026.79716	-0.0002687691
3025.79726	-0.0003720960
3024.79736	-0.0004219990
3023.79746	-0.0004434811
3022.79757	-0.0004544104
3021.79767	-0.0004524702
3020.79777	-0.0004303865
3019.79787	-0.0003960034
3018.79797	-0.0003362524
3017.79807	-0.0002525594
3016.79817	-0.0001079387
3015.79827	0.0000704839
3014.79837	0.0002962585
3013.79847	0.0005085527
3012.79857	0.0006565293
3011.79867	0.0007179838
3010.79877	0.0006356197
3009.79887	0.0004696981
3008.79897	0.0002282588
3007.79907	0.0000101190
3006.79917	-0.0001460687
3005.79927	-0.0002263303
3004.79937	-0.0002368942
3003.79947	-0.0002303182
3002.79957	-0.0002245644
3001.79967	-0.0002383000
3000.79977	-0.0002595142
2999.79987	-0.0002662282
2998.79997	-0.0002582594
2997.80007	-0.0002362104
2996.80017	-0.0002118022
2995.80027	-0.0001879824
2994.80037	-0.0001562940
2993.80047	-0.0001036128
2992.80057	-0.0000341585
2991.80067	0.0000345139
2990.80077	0.0000921940
2989.80087	0.0001068730
2988.80097	0.0001101918
2987.80107	0.0001111601
2986.80117	0.0001255245
2985.80127	0.0001662209
2984.80137	0.0002167172
2983.80147	0.0002756602
2982.80157	0.0003329888
2981.80167	0.0003894022
2980.80177	0.0004412408
2979.80187	0.0004824951
2978.80197	0.0005004872
2977.80207	0.0004917869
2976.80217	0.0004702557
2975.80227	0.0004475208
2974.80237	0.0004396631
2973.80247	0.0004479261
2972.80257	0.0004646452
2971.80267	0.0004859096
2970.80277	0.0005110955
2969.80287	0.0005284542
2968.80297	0.0005340751
2967.80307	0.0005134909
2966.80317	0.0004522812
2965.80327	0.0003666270
2964.80337	0.0002553521
2963.80347	0.0001391470
2962.80357	0.0000295786
2961.80367	-0.0000611329
2960.80377	-0.0001116038
2959.80387	-0.0001358989
2958.80397	-0.0001299927
2957.80407	-0.0001286120
2956.80417	-0.0001418953
2955.80427	-0.0001732515
2954.80437	-0.0002147733
2953.80447	-0.0002480643
2952.80457	-0.0002591123
2951.80467	-0.0002401570
2950.80477	-0.0001919869
2949.80487	-0.0001217181
2948.80497	-0.0000380514
2947.80507	0.0000524269
2946.80517	0.0001348827
2945.80527	0.0001855307
2944.80537	0.0002046591
2943.80547	0.0001794777
2942.80557	0.0001347407
2941.80567	0.0000799922
2940.80577	0.0000371219
2939.80587	0.0000278971
2938.80597	0.0000240502
2937.80607	0.0000181088
2936.80617	0.0000121368
2935.80627	0.0000143776
2934.80637	0.0000366349
2933.80647	0.0000911406
2932.80657	0.0001547689
2931.80667	0.0002225156
2930.80677	0.0002818851
2929.80687	0.0003278826
2928.80697	0.0003603690
2927.80707	0.0003703726
2926.80717	0.0003503732
2925.80727	0.0002886993
2924.80737	0.0001875646
2923.80747	0.0000629106
2922.80757	-0.0000395689
2921.80767	-0.0000977645
2920.80777	-0.0000869138
2919.80787	-0.0000316730
2918.80797	0.0000338796
2917.80807	0.0000933854
2916.80817	0.0001414768
2915.80827	0.0001863874
2914.80837	0.0002339356
2913.80847	0.0002874547
2912.80857	0.0003210082
2911.80867	0.0003400086
2910.80877	0.0003097047
2909.80887	0.0002656901
2908.80897	0.0002231946
2907.80907	0.0001912947
2906.80917	0.0001967623
2905.80927	0.0002147597
2904.80937	0.0002468020
2903.80947	0.0002665584
2902.80957	0.0002639428
2901.80967	0.0002472386
2900.80977	0.0002170229
2899.80987	0.0001840514
2898.80997	0.0001544844
2897.81007	0.0001370418
2896.81017	0.0001288828
2895.81027	0.0001087327
2894.81037	0.0000624407
2893.81047	-0.0000319472
2892.81057	-0.0001505061
2891.81067	-0.0002498221
2890.81077	-0.0002985141
2889.81087	-0.0002500052
2888.81097	-0.0001329757
2887.81107	0.0000385256
2886.81117	0.0002041539
2885.81127	0.0003092832
2884.81137	0.0003523707
2883.81147	0.0003051311
2882.81157	0.0002289827
2881.81167	0.0001468188
2880.81177	0.0000865716
2879.81187	0.0000686814
2878.81197	0.0000750278
2877.81207	0.0001024670
2876.81217	0.0001376800
2875.81227	0.0001754388
2874.81237	0.0001944647
2873.81247	0.0001889145
2872.81258	0.0001614702
2871.81268	0.0001087645
2870.81278	0.0000372031
2869.81288	-0.0000493206
2868.81298	-0.0001241737
2867.81308	-0.0001818494
2866.81318	-0.0002134292
2865.81328	-0.0002223062
2864.81338	-0.0002089301
2863.81348	-0.0001814030
2862.81358	-0.0001419149
2861.81368	-0.0001020113
2860.81378	-0.0000720818
2859.81388	-0.0000542607
2858.81398	-0.0000595365
2857.81408	-0.0000844667
2856.81418	-0.0001410400
2855.81428	-0.0001995362
2854.81438	-0.0002384422
2853.81448	-0.0002592543
2852.81458	-0.0002463567
2851.81468	-0.0002195239
2850.81478	-0.0001852352
2849.81488	-0.0001655553
2848.81498	-0.0001709201
2847.81508	-0.0001814008
2846.81518	-0.0001860124
2845.81528	-0.0001729555
2844.81538	-0.0001349802
2843.81548	-0.0000711377
2842.81558	0.0000151935
2841.81568	0.0001164220
2840.81578	0.0002174783
2839.81588	0.0002891309
2838.81598	0.0003266020
2837.81608	0.0003088692
2836.81618	0.0002542258
2835.81628	0.0001691846
2834.81638	0.0000699916
2833.81648	-0.0000275114
2832.81658	-0.0001047418
2831.81668	-0.0001312233
2830.81678	-0.0001289787
2829.81688	-0.0000977861
2828.81698	-0.0000689715
2827.81708	-0.0000582216
2826.81718	-0.0000601178
2825.81728	-0.0000760935
2824.81738	-0.0000910545
2823.81748	-0.0000983178
2822.81758	-0.0000892424
2821.81768	-0.0000587399
2820.81778	-0.0000088987
2819.81788	0.0000556289
2818.81798	0.0001120773
2817.81808	0.0001503970
2816.81818	0.0001608940
2815.81828	0.0001590785
2814.81838	0.0001851499
2813.81848	0.0002468034
2812.81858	0.0003436531
2811.81868	0.0004436986
2810.81878	0.0004977728
2809.81888	0.0004959127
2808.81898	0.0004134210
2807.81908	0.0002990081
2806.81918	0.0001894183
2805.81928	0.0001153144
2804.81938	0.0001201843
2803.81948	0.0001546681
2802.81958	0.0002052542
2801.81968	0.0002512377
2800.81978	0.0002802378
2799.81988	0.0003045629
2798.81998	0.0003251299
2797.82008	0.0003344587
2796.82018	0.0003239603
2795.82028	0.0002907989
2794.82038	0.0002320471
2793.82048	0.0001749645
2792.82058	0.0001317864
2791.82068	0.0001104769
2790.82078	0.0001144945
2789.82088	0.0001315493
2788.82098	0.0001585596
2787.82108	0.0001869933
2786.82118	0.0002212183
2785.82128	0.0002697297
2784.82138	0.0003243482
2783.82148	0.0003736310
2782.82158	0.0004010483
2781.82168	0.0003869413
2780.82178	0.0003394036
2779.82188	0.0002612142
2778.82198	0.0001866468
2777.82208	0.0001515167
2776.82218	0.0001541021
2775.82228	0.0002117730
2774.82238	0.0002830254
2773.82248	0.0003390178
2772.82258	0.0003674941
2771.82268	0.0003426415
2770.82278	0.0003022869
2769.82288	0.0002625981
2768.82298	0.0002396059
2767.82308	0.0002480845
2766.82318	0.0002746099
2765.82328	0.0003133519
2764.82338	0.0003443571
2763.82348	0.0003557531
2762.82358	0.0003417055
2761.82368	0.0003067369
2760.82378	0.0002717584
2759.82388	0.0002465330
2758.82398	0.0002420533
2757.82408	0.0002400598
2756.82418	0.0002083739
2755.82428	0.0001541921
2754.82438	0.0000819685
2753.82448	0.0000244793
2752.82458	0.0000187228
2751.82468	0.0000467025
2750.82478	0.0001058825
2749.82488	0.0001567132
2748.82498	0.0001597682
2747.82508	0.0001299372
2746.82518	0.0000563508
2745.82528	-0.0000110317
2744.82538	-0.0000396329
2743.82548	-0.0000473980
2742.82558	-0.0000290146
2741.82568	0.0000009922
2740.82578	0.0000403913
2739.82588	0.0000846107
2738.82598	0.0001312693
2737.82608	0.0001743030
2736.82618	0.0002114540
2735.82628	0.0002390811
2734.82638	0.0002542645
2733.82648	0.0002517100
2732.82658	0.0002318366
2731.82668	0.0001982586
2730.82678	0.0001627339
2729.82688	0.0001477487
2728.82698	0.0001468358
2727.82708	0.0001557504
2726.82718	0.0001653150
2725.82728	0.0001619907
2724.82738	0.0001522020
2723.82748	0.0001330578
2722.82759	0.0001091584
2721.82769	0.0000792275
2720.82779	0.0000544797
2719.82789	0.0000430330
2718.82799	0.0000459229
2717.82809	0.0000686131
2716.82819	0.0000875437
2715.82829	0.0000883498
2714.82839	0.0000608427
2713.82849	-0.0000040103
2712.82859	-0.0000838917
2711.82869	-0.0001628090
2710.82879	-0.0002129804
2709.82889	-0.0002215093
2708.82899	-0.0001998981
2707.82909	-0.0001586939
2706.82919	-0.0001234021
2705.82929	-0.0001069993
2704.82939	-0.0001216839
2703.82949	-0.0001545203
2702.82959	-0.0001791897
2701.82969	-0.0001887916
2700.82979	-0.0001706536
2699.82989	-0.0001392301
2698.82999	-0.0001031617
2697.83009	-0.0000623638
2696.83019	-0.0000130765
2695.83029	0.0000474033
2694.83039	0.0001208940
2693.83049	0.0001828776
2692.83059	0.0002016418
2691.83069	0.0001775546
2690.83079	0.0000907714
2689.83089	-0.0000038803
2688.83099	-0.0000765182
2687.83109	-0.0001067694
2686.83119	-0.0000769327
2685.83129	-0.0000277094
2684.83139	0.0000226828
2683.83149	0.0000486782
2682.83159	0.0000370513
2681.83169	-0.0000076196
2680.83179	-0.0000822569
2679.83189	-0.0001758721
2678.83199	-0.0002709926
2677.83209	-0.0003434962
2676.83219	-0.0003794353
2675.83229	-0.0003593111
2674.83239	-0.0003000275
2673.83249	-0.0002063955
2672.83259	-0.0001002213
2671.83269	0.0000122428
2670.83279	0.0001129136
2669.83289	0.0001753179
2668.83299	0.0002098891
2667.83309	0.0001928088
2666.83319	0.0001590205
2665.83329	0.0001094384
2664.83339	0.0000381781
2663.83349	-0.0000673136
2662.83359	-0.0001809669
2661.83369	-0.0002904707
2660.83379	-0.0003675229
2659.83389	-0.0003934992
2658.83399	-0.0003850493
2657.83409	-0.0003456813
2656.83419	-0.0003037034
2655.83429	-0.0002622101
2654.83439	-0.0002183771
2653.83449	-0.0001749104
2652.83459	-0.0001469497
2651.83469	-0.0001445055
2650.83479	-0.0001858245
2649.83489	-0.0002572242
2648.83499	-0.0003382187
2647.83509	-0.0004008113
2646.83519	-0.0004008060
2645.83529	-0.0003512318
2644.83539	-0.0002394326
2643.83549	-0.0001159892
2642.83559	-0.0000143289
2641.83569	0.0000531880
2640.83579	0.0000485038
2639.83589	0.0000009489
2638.83599	-0.0001147190
2637.83609	-0.0002402084
2636.83619	-0.0003546351
2635.83629	-0.0004194169
2634.83639	-0.0003969179
2633.83649	-0.0003345484
2632.83659	-0.0002423862
2631.83669	-0.0001688474
2630.83679	-0.0001330231
2629.83689	-0.0001288518
2628.83699	-0.0001517343
2627.83709	-0.0001786538
2626.83719	-0.0002024942
2625.83729	-0.0002172499
2624.83739	-0.0002219349
2623.83749	-0.0002129904
2622.83759	-0.0001963801
2621.83769	-0.0001818150
2620.83779	-0.0001751135
2619.83789	-0.0001905839
2618.83799	-0.0002139805
2617.83809	-0.0002353818
2616.83819	-0.0002577071
2615.83829	-0.0002876198
2614.83839	-0.0003209489
2613.83849	-0.0003590816
2612.83859	-0.0003822119
2611.83869	-0.0003623322
2610.83879	-0.0003200911
2609.83889	-0.0002428653
2608.83899	-0.0001678740
2607.83909	-0.0001080514
2606.83919	-0.0000613191
2605.83929	-0.0000343935
2604.83939	-0.0000169522
2603.83949	-0.0000142848
2602.83959	-0.0000334727
2601.83969	-0.0000790658
2600.83979	-0.0001462133
2599.83989	-0.0002259937
2598.83999	-0.0002972093
2597.84009	-0.0003458642
2596.84019	-0.0003483366
2595.84029	-0.0003148372
2594.84039	-0.0002556455
2593.84049	-0.0002016991
2592.84059	-0.0001959747
2591.84069	-0.0002291273
2590.84079	-0.0003112082
2589.84089	-0.0003963501
2588.84099	-0.0004423964
2587.84109	-0.0004602420
2586.84119	-0.0004304161
2585.84129	-0.0003903730
2584.84139	-0.0003529528
2583.84149	-0.0003243687
2582.84159	-0.0003196090
2581.84169	-0.0003295825
2580.84179	-0.0003558287
2579.84189	-0.0003760125
2578.84199	-0.0003722750
2577.84209	-0.0003439888
2576.84219	-0.0002866678
2575.84229	-0.0002279616
2574.84239	-0.0001771846
2573.84249	-0.0001396777
2572.84260	-0.0001182065
2571.84270	-0.0001072992
2570.84280	-0.0001049244
2569.84290	-0.0001062478
2568.84300	-0.0001098431
2567.84310	-0.0001176732
2566.84320	-0.0001254917
2565.84330	-0.0001292405
2564.84340	-0.0001338726
2563.84350	-0.0001428743
2562.84360	-0.0001492755
2561.84370	-0.0001395522
2560.84380	-0.0001236853
2559.84390	-0.0001061416
2558.84400	-0.0000909132
2557.84410	-0.0000860789
2556.84420	-0.0000874483
2555.84430	-0.0000930123
2554.84440	-0.0000933927
2553.84450	-0.0000818262
2552.84460	-0.0000747051
2551.84470	-0.0000815392
2550.84480	-0.0000942958
2549.84490	-0.0001135478
2548.84500	-0.0001309260
2547.84510	-0.0001444961
2546.84520	-0.0001559086
2545.84530	-0.0001651145
2544.84540	-0.0001727541
2543.84550	-0.0001765817
2542.84560	-0.0001716305
2541.84570	-0.0001659054
2540.84580	-0.0001771973
2539.84590	-0.0001997985
2538.84600	-0.0002290092
2537.84610	-0.0002497336
2536.84620	-0.0002370683
2535.84630	-0.0002081224
2534.84640	-0.0001662874
2533.84650	-0.0001268893
2532.84660	-0.0001064298
2531.84670	-0.0000941620
2530.84680	-0.0000945915
2529.84690	-0.0000917671
2528.84700	-0.0000791141
2527.84710	-0.0000578167
2526.84720	-0.0000284248
2525.84730	-0.0000097141
2524.84740	-0.0000117445
2523.84750	-0.0000344336
2522.84760	-0.0000798581
2521.84770	-0.0001421976
2520.84780	-0.0002142195
2519.84790	-0.0002757503
2518.84800	-0.0003091652
2517.84810	-0.0002835580
2516.84820	-0.0001991242
2515.84830	-0.0000607715
2514.84840	0.0000975983
2513.84850	0.0002277223
2512.84860	0.0003166548
2511.84870	0.0003385928
2510.84880	0.0003247552
2509.84890	0.0002920027
2508.84900	0.0002587032
2507.84910	0.0002349238
2506.84920	0.0002133084
2505.84930	0.0001818854
2504.84940	0.0001435648
2503.84950	0.0000892639
2502.84960	0.0000392291
2501.84970	0.0000015493
2500.84980	-0.0000341801
2499.84990	-0.0000719418
2498.85000	-0.0001180895
2497.85010	-0.0001725063
2496.85020	-0.0002200048
2495.85030	-0.0002476112
2494.85040	-0.0002394560
2493.85050	-0.0001894056
2492.85060	-0.0001092086
2491.85070	-0.0000130189
2490.85080	0.0000641925
2489.85090	0.0001133433
2488.85100	0.0001178417
2487.85110	0.0000870695
2486.85120	0.0000221735
2485.85130	-0.0000602375
2484.85140	-0.0001465264
2483.85150	-0.0002217374
2482.85160	-0.0002592390
2481.85170	-0.0002719589
2480.85180	-0.0002491841
2479.85190	-0.0002216217
2478.85200	-0.0002010084
2477.85210	-0.0001832471
2476.85220	-0.0001631002
2475.85230	-0.0001426203
2474.85240	-0.0001236797
2473.85250	-0.0001184280
2472.85260	-0.0001380604
2471.85270	-0.0001593451
2470.85280	-0.0001721098
2469.85290	-0.0001590000
2468.85300	-0.0001129899
2467.85310	-0.0000546700
2466.85320	0.0000033472
2465.85330	0.0000333899
2464.85340	0.0000285046
2463.85350	-0.0000106963
2462.85360	-0.0000691258
2461.85370	-0.0001140533
2460.85380	-0.0001397390
2459.85390	-0.0001318620
2458.85400	-0.0001052033
2457.85410	-0.0000698888
2456.85420	-0.0000364943
2455.85430	-0.0000174900
2454.85440	-0.0000111432
2453.85450	-0.0000300007
2452.85460	-0.0000540176
2451.85470	-0.0000843799
2450.85480	-0.0000986275
2449.85490	-0.0000788409
2448.85500	-0.0000421014
2447.85510	0.0000162295
2446.85520	0.0000688921
2445.85530	0.0001063778
2444.85540	0.0001239017
2443.85550	0.0001181781
2442.85560	0.0001020083
2441.85570	0.0000798696
2440.85580	0.0000622402
2439.85590	0.0000476289
2438.85600	0.0000275423
2437.85610	0.0000005728
2436.85620	-0.0000294978
2435.85630	-0.0000541305
2434.85640	-0.0000564736
2433.85650	-0.0000424868
2432.85660	-0.0000159101
2431.85670	0.0000089647
2430.85680	0.0000228972
2429.85690	0.0000305234
2428.85700	0.0000355511
2427.85710	0.0000405462
2426.85720	0.0000333577
2425.85730	0.0000157972
2424.85740	-0.0000351803
2423.85751	-0.0000939215
2422.85761	-0.0001513656
2421.85771	-0.0001911933
2420.85781	-0.0001851031
2419.85791	-0.0001650866
2418.85801	-0.0001337101
2417.85811	-0.0001168958
2416.85821	-0.0001244069
2415.85831	-0.0001279017
2414.85841	-0.0001171808
2413.85851	-0.0000817541
2412.85861	-0.0000224131
2411.85871	0.0000409106
2410.85881	0.0001036004
2409.85891	0.0001653223
2408.85901	0.0002211096
2407.85911	0.0002567968
2406.85921	0.0002730500
2405.85931	0.0002581210
2404.85941	0.0002198768
2403.85951	0.0001492895
2402.85961	0.0000665093
2401.85971	-0.0000147988
2400.85981	-0.0000814577
2399.85991	-0.0001032792
2398.86001	-0.0001032529
2397.86011	-0.0000638648
2396.86021	-0.0000265822
2395.86031	-0.0000028281
2394.86041	0.0000131951
2393.86051	0.0000219205
2392.86061	0.0000394501
2391.86071	0.0000703464
2390.86081	0.0001089907
2389.86091	0.0001509761
2388.86101	0.0001888869
2387.86111	0.0002208738
2386.86121	0.0002458626
2385.86131	0.0002617886
2384.86141	0.0002635456
2383.86151	0.0002451538
2382.86161	0.0002122193
2381.86171	0.0001580042
2380.86181	0.0001081464
2379.86191	0.0000479316
2378.86201	0.0000286358
2377.86211	0.0000063468
2376.86221	0.0000439015
2375.86231	0.0000690650
2374.86241	0.0001554439
2373.86251	0.0002031647
2372.86261	0.0002499414
2371.86271	0.0002391032
2370.86281	0.0001885925
2369.86291	0.0001106898
2368.86301	0.0000206155
2367.86311	-0.0000438637
2366.86321	-0.0000914958
2365.86331	-0.0000780519
2364.86341	-0.0000522817
2363.86351	0.0000254057
2362.86361	0.0000727319
2361.86371	0.0001397344
2360.86381	0.0001525644
2359.86391	0.0001685532
2358.86401	0.0001489118
2357.86411	0.0001367631
2356.86421	0.0001162872
2355.86431	0.0000736220
2354.86441	0.0000259999
2353.86451	-0.0000138376
2352.86461	-0.0000459932
2351.86471	-0.0000121916
2350.86481	-0.0000407640
2349.86491	0.0000637905
2348.86501	-0.0000074551
2347.86511	0.0000748852
2346.86521	-0.0000233166
2345.86531	-0.0000007804
2344.86541	-0.0000306493
2343.86551	-0.0000317826
2342.86561	0.0000151425
2341.86571	0.0000084997
2340.86581	0.0000783017
2339.86591	0.0001170789
2338.86601	0.0002271785
2337.86611	0.0003267679
2336.86621	0.0004469822
2335.86631	0.0005085658
2334.86641	0.0005454464
2333.86651	0.0005149258
2332.86661	0.0004780979
2331.86671	0.0004309504
2330.86681	0.0004101468
2329.86691	0.0004118062
2328.86701	0.0004260023
2327.86711	0.0004461118
2326.86721	0.0004588373
2325.86731	0.0004658939
2324.86741	0.0004692978
2323.86751	0.0004675563
2322.86761	0.0004655627
2321.86771	0.0004563352
2320.86781	0.0004462734
2319.86791	0.0004267829
2318.86801	0.0004125204
2317.86811	0.0003875080
2316.86821	0.0003780034
2315.86831	0.0003605332
2314.86841	0.0003678053
2313.86851	0.0003625894
2312.86861	0.0003610546
2311.86871	0.0003501899
2310.86881	0.0003492852
2309.86891	0.0003503857
2308.86901	0.0003699128
2307.86911	0.0003916950
2306.86921	0.0004188103
2305.86931	0.0004314730
2304.86941	0.0004277554
2303.86951	0.0004092044
2302.86961	0.0003803174
2301.86971	0.0003524716
2300.86981	0.0003321707
2299.86991	0.0003356642
2298.87001	0.0003561113
2297.87011	0.0003899752
2296.87021	0.0004243140
2295.87031	0.0004438313
2294.87041	0.0004487692
2293.87051	0.0004306752
2292.87061	0.0004034524
2291.87071	0.0003741548
2290.87081	0.0003416350
2289.87091	0.0003020939
2288.87101	0.0002666752
2287.87111	0.0002466035
2286.87121	0.0002324098
2285.87131	0.0002296221
2284.87141	0.0002350127
2283.87151	0.0002599336
2282.87161	0.0002988314
2281.87171	0.0003591295
2280.87181	0.0004117191
2279.87191	0.0004459742
2278.87201	0.0004409125
2277.87211	0.0003983414
2276.87221	0.0003575910
2275.87231	0.0003294813
2274.87241	0.0003267926
2273.87252	0.0003374810
2272.87262	0.0003322425
2271.87272	0.0003074078
2270.87282	0.0002525884
2269.87292	0.0001851662
2268.87302	0.0001276693
2267.87312	0.0000832675
2266.87322	0.0000717968
2265.87332	0.0000788944
2264.87342	0.0001131777
2263.87352	0.0001478374
2262.87362	0.0001625613
2261.87372	0.0001764046
2260.87382	0.0001984792
2259.87392	0.0002283596
2258.87402	0.0002702690
2257.87412	0.0002977251
2256.87422	0.0002887270
2255.87432	0.0002492556
2254.87442	0.0001712128
2253.87452	0.0000958947
2252.87462	0.0000383515
2251.87472	0.0000170167
2250.87482	0.0000351121
2249.87492	0.0000678758
2248.87502	0.0001041737
2247.87512	0.0001184985
2246.87522	0.0001093078
2245.87532	0.0000716620
2244.87542	0.0000194584
2243.87552	-0.0000285213
2242.87562	-0.0000635068
2241.87572	-0.0000610388
2240.87582	-0.0000369196
2239.87592	0.0000131385
2238.87602	0.0000664012
2237.87612	0.0001053060
2236.87622	0.0001318266
2235.87632	0.0001282179
2234.87642	0.0001099114
2233.87652	0.0000628768
2232.87662	0.0000009073
2231.87672	-0.0000841691
2230.87682	-0.0001626170
2229.87692	-0.0002133507
2228.87702	-0.0002233440
2227.87712	-0.0001692782
2226.87722	-0.0000898370
2225.87732	0.0000079216
2224.87742	0.0000935950
2223.87752	0.0001559542
2222.87762	0.0001894821
2221.87772	0.0001931806
2220.87782	0.0001678607
2219.87792	0.0001251902
2218.87802	0.0000841512
2217.87812	0.0000516922
2216.87822	0.0000424274
2215.87832	0.0000499909
2214.87842	0.0000814602
2213.87852	0.0001171045
2212.87862	0.0001398412
2211.87872	0.0001484076
2210.87882	0.0001210887
2209.87892	0.0000910747
2208.87902	0.0000735362
2207.87912	0.0000740594
2206.87922	0.0001154469
2205.87932	0.0001537205
2204.87942	0.0001701427
2203.87952	0.0001677262
2202.87962	0.0001361458
2201.87972	0.0000971702
2200.87982	0.0000524306
2199.87992	0.0000035466
2198.88002	-0.0000489459
2197.88012	-0.0000961042
2196.88022	-0.0001312176
2195.88032	-0.0001375390
2194.88042	-0.0001144711
2193.88052	-0.0000678352
2192.88062	-0.0000080874
2191.88072	0.0000446856
2190.88082	0.0000864174
2189.88092	0.0001021337
2188.88102	0.0000993822
2187.88112	0.0000666655
2186.88122	0.0000177976
2185.88132	-0.0000599364
2184.88142	-0.0001365468
2183.88152	-0.0001835850
2182.88162	-0.0002055149
2181.88172	-0.0001538375
2180.88182	-0.0000992259
2179.88192	-0.0000610093
2178.88202	-0.0000422327
2177.88212	-0.0000608767
2176.88222	-0.0000739217
2175.88232	-0.0000671002
2174.88242	-0.0000571388
2173.88252	-0.0000499717
2172.88262	-0.0000633514
2171.88272	-0.0001028876
2170.88282	-0.0001466525
2169.88292	-0.0001844919
2168.88302	-0.0001906623
2167.88312	-0.0001661391
2166.88322	-0.0001246530
2165.88332	-0.0000764441
2164.88342	-0.0000380970
2163.88352	-0.0000103710
2162.88362	0.0000005887
2161.88372	0.0000014528
2160.88382	-0.0000105852
2159.88392	-0.0000234863
2158.88402	-0.0000259040
2157.88412	-0.0000132169
2156.88422	0.0000472749
2155.88432	0.0001179042
2154.88442	0.0001964696
2153.88452	0.0002570495
2152.88462	0.0002617936
2151.88472	0.0002451244
2150.88482	0.0001920586
2149.88492	0.0001523611
2148.88502	0.0001474223
2147.88512	0.0001669100
2146.88522	0.0002163954
2145.88532	0.0002508721
2144.88542	0.0002563492
2143.88552	0.0002270778
2142.88562	0.0001670454
2141.88572	0.0001193509
2140.88582	0.0000937239
2139.88592	0.0001097302
2138.88602	0.0001529708
2137.88612	0.0001953294
2136.88622	0.0002270652
2135.88632	0.0002162910
2134.88642	0.0001830032
2133.88652	0.0001220597
2132.88662	0.0000549803
2131.88672	-0.0000012472
2130.88682	-0.0000431007
2129.88692	-0.0000271621
2128.88702	0.0000093086
2127.88712	0.0000893270
2126.88722	0.0001651355
2125.88732	0.0002071435
2124.88742	0.0002310051
2123.88753	0.0002150313
2122.88763	0.0001905118
2121.88773	0.0001569102
2120.88783	0.0001281013
2119.88793	0.0001133046
2118.88803	0.0001156944
2117.88813	0.0001445339
2116.88823	0.0001889372
2115.88833	0.0002484899
2114.88843	0.0003053478
2113.88853	0.0003510318
2112.88863	0.0003592553
2111.88873	0.0003303686
2110.88883	0.0002564347
2109.88893	0.0001649488
2108.88903	0.0001059968
2107.88913	0.0000713135
2106.88923	0.0000701666
2105.88933	0.0000730453
2104.88943	0.0000453794
2103.88953	0.0000100760
2102.88963	-0.0000141802
2101.88973	-0.0000202413
2100.88983	0.0000443366
2099.88993	0.0001198158
2098.89003	0.0001973394
2097.89013	0.0002528341
2096.89023	0.0002489310
2095.89033	0.0002346061
2094.89043	0.0002198089
2093.89053	0.0002351882
2092.89063	0.0003086461
2091.89073	0.0004052924
2090.89083	0.0005212150
2089.89093	0.0005977746
2088.89103	0.0006179248
2087.89113	0.0005756914
2086.89123	0.0004793051
2085.89133	0.0003737859
2084.89143	0.0002690445
2083.89153	0.0001934236
2082.89163	0.0001347728
2081.89173	0.0000849495
2080.89183	0.0000456042
2079.89193	0.0000408689
2078.89203	0.0000602783
2077.89213	0.0001335227
2076.89223	0.0002109826
2075.89233	0.0002462110
2074.89243	0.0002546952
2073.89253	0.0001836463
2072.89263	0.0001126583
2071.89273	0.0000749719
2070.89283	0.0000694170
2069.89293	0.0001407631
2068.89303	0.0002335943
2067.89313	0.0003597819
2066.89323	0.0004723933
2065.89333	0.0005578774
2064.89343	0.0005878289
2063.89353	0.0005407916
2062.89363	0.0004602006
2061.89373	0.0003477588
2060.89383	0.0002601191
2059.89393	0.0001917499
2058.89403	0.0001200698
2057.89413	0.0000478057
2056.89423	-0.0000077840
2055.89433	-0.0000437659
2054.89443	-0.0000323656
2053.89453	0.0000024054
2052.89463	0.0000515348
2051.89473	0.0000999742
2050.89483	0.0001320123
2049.89493	0.0001601375
2048.89503	0.0001992320
2047.89513	0.0002388483
2046.89523	0.0002855854
2045.89533	0.0003344291
2044.89543	0.0004037851
2043.89553	0.0004781201
2042.89563	0.0005663586
2041.89573	0.0006307301
2040.89583	0.0006311297
2039.89593	0.0005956150
2038.89603	0.0004962333
2037.89613	0.0003988750
2036.89623	0.0003116668
2035.89633	0.0002633249
2034.89643	0.0002619892
2033.89653	0.0002899996
2032.89663	0.0003398228
2031.89673	0.0003811757
2030.89683	0.0004131170
2029.89693	0.0004343589
2028.89703	0.0004446754
2027.89713	0.0004304078
2026.89723	0.0004038988
2025.89733	0.0003676190
2024.89743	0.0003300292
2023.89753	0.0002999813
2022.89763	0.0002881032
2021.89773	0.0003828615
2020.89783	0.0005279483
2019.89793	0.0008937510
2018.89803	0.0012523622
2017.89813	0.0015213137
2016.89823	0.0016695511
2015.89833	0.0014597691
2014.89843	0.0011877421
2013.89853	0.0008180548
2012.89863	0.0005308171
2011.89873	0.0004014827
2010.89883	0.0003231787
2009.89893	0.0003064415
2008.89903	0.0002772929
2007.89913	0.0002340752
2006.89923	0.0001870736
2005.89933	0.0001403201
2004.89943	0.0001087329
2003.89953	0.0000905521
2002.89963	0.0000979093
2001.89973	0.0001250698
2000.89983	0.0001897280
1999.89993	0.0002696657
1998.90003	0.0003455750
1997.90013	0.0004304606
1996.90023	0.0006197179
1995.90033	0.0008739647
1994.90043	0.0015058094
1993.90053	0.0021657520
1992.90063	0.0027714691
1991.90073	0.0032344747
1990.90083	0.0030603472
1989.90093	0.0027632206
1988.90103	0.0021502087
1987.90113	0.0015720588
1986.90123	0.0011149013
1985.90133	0.0007409830
1984.90143	0.0005204136
1983.90153	0.0003754841
1982.90163	0.0003319854
1981.90173	0.0003240103
1980.90183	0.0003496622
1979.90193	0.0003739301
1978.90203	0.0003928282
1977.90213	0.0003981313
1976.90223	0.0003924067
1975.90233	0.0003782703
1974.90243	0.0003602403
1973.90254	0.0003451389
1972.90264	0.0003495649
1971.90274	0.0004939339
1970.90284	0.0007078272
1969.90294	0.0011704405
1968.90304	0.0016502831
1967.90314	0.0019523987
1966.90324	0.0021613452
1965.90334	0.0018398464
1964.90344	0.0014926444
1963.90354	0.0010781224
1962.90364	0.0007357298
1961.90374	0.0006152139
1960.90384	0.0005244465
1959.90394	0.0004954587
1958.90404	0.0004759539
1957.90414	0.0004789711
1956.90424	0.0004971759
1955.90434	0.0005333092
1954.90444	0.0005315142
1953.90454	0.0004860903
1952.90464	0.0004248856
1951.90474	0.0003618092
1950.90484	0.0003820984
1949.90494	0.0004777139
1948.90504	0.0007317346
1947.90514	0.0011046282
1946.90524	0.0018031294
1945.90534	0.0026500144
1944.90544	0.0037407724
1943.90554	0.0047955099
1942.90564	0.0051021059
1941.90574	0.0051364400
1940.90584	0.0040218388
1939.90594	0.0028281792
1938.90604	0.0017363722
1937.90614	0.0007982258
1936.90624	0.0005225083
1935.90634	0.0003451207
1934.90644	0.0004030295
1933.90654	0.0004490518
1932.90664	0.0004448298
1931.90674	0.0004029080
1930.90684	0.0003060393
1929.90694	0.0002361724
1928.90704	0.0002313845
1927.90714	0.0004238685
1926.90724	0.0008603305
1925.90734	0.0015899459
1924.90744	0.0025520669
1923.90754	0.0034444581
1922.90764	0.0042946637
1921.90774	0.0052235425
1920.90784	0.0062186052
1919.90794	0.0074514970
1918.90804	0.0086073941
1917.90814	0.0084418720
1916.90824	0.0077607688
1915.90834	0.0056430059
1914.90844	0.0034138057
1913.90854	0.0021096307
1912.90864	0.0010784877
1911.90874	0.0013980742
1910.90884	0.0017483854
1909.90894	0.0020639184
1908.90904	0.0022216125
1907.90914	0.0018861894
1906.90924	0.0014909847
1905.90934	0.0009935297
1904.90944	0.0005727892
1903.90954	0.0002982452
1902.90964	0.0000794854
1901.90974	-0.0000545092
1900.90984	-0.0000933485
1899.90994	-0.0000102543
1898.91004	0.0002637692
1897.91014	0.0006927153
1896.91024	0.0011207854
1895.91034	0.0015286659
1894.91044	0.0017966509
1893.91054	0.0020481090
1892.91064	0.0027132654
1891.91074	0.0035481055
1890.91084	0.0045238715
1889.91094	0.0053848652
1888.91104	0.0050241789
1887.91114	0.0043825484
1886.91124	0.0030344897
1885.91134	0.0017196479
1884.91144	0.0010077804
1883.91154	0.0003986904
1882.91164	0.0001826689
1881.91174	0.0000034365
1880.91184	-0.0000921625
1879.91194	-0.0001645237
1878.91204	-0.0001906250
1877.91214	-0.0002013229
1876.91224	-0.0001795301
1875.91234	-0.0000549096
1874.91244	0.0002865683
1873.91254	0.0013620140
1872.91264	0.0033358091
1871.91274	0.0063610654
1870.91284	0.0101409862
1869.91294	0.0129305823
1868.91304	0.0147507414
1867.91314	0.0137722902
1866.91324	0.0113307927
1865.91334	0.0080349054
1864.91344	0.0046071270
1863.91354	0.0026047195
1862.91364	0.0010889701
1861.91374	0.0006840074
1860.91384	0.0004812343
1859.91394	0.0005271613
1858.91404	0.0005784396
1857.91414	0.0005285597
1856.91424	0.0004570047
1855.91434	0.0003146262
1854.91444	0.0001973389
1853.91454	0.0001837246
1852.91464	0.0002855050
1851.91474	0.0006739695
1850.91484	0.0013581681
1849.91494	0.0026581374
1848.91504	0.0050342758
1847.91514	0.0089860521
1846.91524	0.0140450755
1845.91534	0.0200007483
1844.91544	0.0235346444
1843.91554	0.0245812908
1842.91564	0.0214854926
1841.91574	0.0157860927
1840.91584	0.0104136281
1839.91594	0.0055339495
1838.91604	0.0034162907
1837.91614	0.0023706607
1836.91624	0.0021168252
1835.91634	0.0021254290
1834.91644	0.0027932872
1833.91654	0.0038077394
1832.91664	0.0070013078
1831.91674	0.0103271166
1830.91684	0.0134755699
1829.91694	0.0160179473
1828.91704	0.0158134624
1827.91714	0.0152905900
1826.91724	0.0139537035
1825.91734	0.0125615522
1824.91744	0.0110493032
1823.91755	0.0091351001
1822.91765	0.0065414608
1821.91775	0.0042760931
1820.91785	0.0025572532
1819.91795	0.0016012116
1818.91805	0.0014616082
1817.91815	0.0014549551
1816.91825	0.0015511598
1815.91835	0.0017255766
1814.91845	0.0020035938
1813.91855	0.0028180340
1812.91865	0.0038820577
1811.91875	0.0048645670
1810.91885	0.0056968550
1809.91895	0.0054065576
1808.91905	0.0048051849
1807.91915	0.0038098432
1806.91925	0.0028900199
1805.91935	0.0031708239
1804.91945	0.0037516220
1803.91955	0.0059526563
1802.91965	0.0081808753
1801.91975	0.0103443759
1800.91985	0.0119446125
1799.91995	0.0117287757
1798.92005	0.0112044802
1797.92015	0.0101694176
1796.92025	0.0105220331
1795.92035	0.0134915384
1794.92045	0.0178399924
1793.92055	0.0237665344
1792.92065	0.0271687936
1791.92075	0.0274742357
1790.92085	0.0240636021
1789.92095	0.0177252367
1788.92105	0.0124208778
1787.92115	0.0081278319
1786.92125	0.0068914741
1785.92135	0.0071591632
1784.92145	0.0077860313
1783.92155	0.0084618302
1782.92165	0.0084866853
1781.92175	0.0083245449
1780.92185	0.0079049142
1779.92195	0.0074545871
1778.92205	0.0071192360
1777.92215	0.0072959727
1776.92225	0.0112863751
1775.92235	0.0164231006
1774.92245	0.0264445245
1773.92255	0.0357082263
1772.92265	0.0419882312
1771.92275	0.0452264957
1770.92285	0.0413248837
1769.92295	0.0360978395
1768.92305	0.0288195238
1767.92315	0.0222860388
1766.92325	0.0170122776
1765.92335	0.0136918221
1764.92345	0.0126315150
1763.92355	0.0137113445
1762.92365	0.0163992289
1761.92375	0.0177833308
1760.92385	0.0181652084
1759.92395	0.0169868767
1758.92405	0.0151356272
1757.92415	0.0139575908
1756.92425	0.0131457299
1755.92435	0.0136078782
1754.92445	0.0147390999
1753.92455	0.0195514150
1752.92465	0.0249167047
1751.92475	0.0305716395
1750.92485	0.0353826396
1749.92495	0.0336548686
1748.92505	0.0310965069
1747.92515	0.0252623297
1746.92525	0.0199381672
1745.92535	0.0165494606
1744.92545	0.0143626425
1743.92555	0.0150167188
1742.92565	0.0166938249
1741.92575	0.0200548936
1740.92585	0.0228113718
1739.92595	0.0247845743
1738.92605	0.0277271122
1737.92615	0.0321639106
1736.92625	0.0415490679
1735.92635	0.0546693839
1734.92645	0.0643387809
1733.92655	0.0706145689
1732.92665	0.0643107668
1731.92675	0.0518220514
1730.92685	0.0367434025
1729.92695	0.0214379262
1728.92705	0.0127508407
1727.92715	0.0060232752
1726.92725	0.0036724648
1725.92735	0.0021040125
1724.92745	0.0024291743
1723.92755	0.0032408368
1722.92765	0.0070553483
1721.92775	0.0125394734
1720.92785	0.0257148985
1719.92795	0.0398665816
1718.92805	0.0564263985
1717.92815	0.0686316043
1716.92825	0.0699769333
1715.92835	0.0656324774
1714.92845	0.0514870770
1713.92855	0.0375978313
1712.92865	0.0246332772
1711.92875	0.0156546291
1710.92885	0.0112026967
1709.92895	0.0103818774
1708.92905	0.0126142362
1707.92915	0.0164731313
1706.92925	0.0213242359
1705.92935	0.0262528006
1704.92945	0.0316782258
1703.92955	0.0423171073
1702.92965	0.0550351553
1701.92975	0.0711434782
1700.92985	0.0872110426
1699.92995	0.0943003520
1698.93005	0.0995037109
1697.93015	0.0972268358
1696.93025	0.0937617719
1695.93035	0.0839820132
1694.93045	0.0724707916
1693.93055	0.0533323288
1692.93065	0.0355317667
1691.93075	0.0228176396
1690.93085	0.0142616024
1689.93095	0.0157585926
1688.93105	0.0222209282
1687.93115	0.0374682024
1686.93125	0.0553894341
1685.93135	0.0760076120
1684.93145	0.0872393847
1683.93155	0.0875323564
1682.93165	0.0762563944
1681.93175	0.0559406132
1680.93185	0.0387603007
1679.93195	0.0245383438
1678.93205	0.0209738296
1677.93215	0.0226981305
1676.93225	0.0282918401
1675.93235	0.0347587131
1674.93245	0.0366104208
1673.93256	0.0372905470
1672.93266	0.0365489796
1671.93276	0.0358201116
1670.93286	0.0373422503
1669.93296	0.0383746773
1668.93306	0.0345617533
1667.93316	0.0301590711
1666.93326	0.0233691391
1665.93336	0.0180884078
1664.93346	0.0179008655
1663.93356	0.0181802884
1662.93366	0.0192600396
1661.93376	0.0186278690
1660.93386	0.0149909724
1659.93396	0.0123673081
1658.93406	0.0118340077
1657.93416	0.0195544157
1656.93426	0.0366866477
1655.93436	0.0630893260
1654.93446	0.0960158780
1653.93456	0.1177326515
1652.93466	0.1305171549
1651.93476	0.1197729632
1650.93486	0.0983105972
1649.93496	0.0784936771
1648.93506	0.0604642518
1647.93516	0.0568385646
1646.93526	0.0560778305
1645.93536	0.0511373095
1644.93546	0.0450860858
1643.93556	0.0322292931
1642.93566	0.0198174063
1641.93576	0.0137618799
1640.93586	0.0098888800
1639.93596	0.0162938647
1638.93606	0.0247992519
1637.93616	0.0395795964
1636.93626	0.0520076901
1635.93636	0.0581603646
1634.93646	0.0578570813
1633.93656	0.0461172201
1632.93666	0.0336108208
1631.93676	0.0206591226
1630.93686	0.0128592327
1629.93696	0.0106831947
1628.93706	0.0110946186
1627.93716	0.0135699064
1626.93726	0.0164447520
1625.93736	0.0195038449
1624.93746	0.0219602734
1623.93756	0.0239126757
1622.93766	0.0229480825
1621.93776	0.0212716591
1620.93786	0.0227666479
1619.93796	0.0255731102
1618.93806	0.0361985527
1617.93816	0.0472015068
1616.93826	0.0505064018
1615.93836	0.0517775565
1614.93846	0.0390840098
1613.93856	0.0265225843
1612.93866	0.0156157073
1611.93876	0.0067678601
1610.93886	0.0047083744
1609.93896	0.0033672831
1608.93906	0.0035178501
1607.93916	0.0034636233
1606.93926	0.0030092143
1605.93936	0.0025867494
1604.93946	0.0022220486
1603.93956	0.0019707172
1602.93966	0.0018334402
1601.93976	0.0016191765
1600.93986	0.0013481602
1599.93996	0.0011521002
1598.94006	0.0010254048
1597.94016	0.0012110163
1596.94026	0.0015437893
1595.94036	0.0019296362
1594.94046	0.0023007989
1593.94056	0.0022469121
1592.94066	0.0020819928
1591.94076	0.0016916351
1590.94086	0.0012795971
1589.94096	0.0009521389
1588.94106	0.0006358597
1587.94116	0.0003778584
1586.94126	0.0001492054
1585.94136	0.0000616823
1584.94146	0.0000099369
1583.94156	0.0000914336
1582.94166	0.0005114033
1581.94176	0.0019101577
1580.94186	0.0059393626
1579.94196	0.0148582580
1578.94206	0.0269091092
1577.94216	0.0427724756
1576.94226	0.0531671531
1575.94236	0.0571908243
1574.94246	0.0524651743
1573.94256	0.0409975164
1572.94266	0.0327726454
1571.94276	0.0269583147
1570.94286	0.0266287345
1569.94296	0.0285408422
1568.94306	0.0271341279
1567.94316	0.0245356485
1566.94326	0.0203239322
1565.94336	0.0162560176
1564.94346	0.0190522689
1563.94356	0.0238103587
1562.94366	0.0447621420
1561.94376	0.0672149658
1560.94386	0.0969784930
1559.94396	0.1228203177
1558.94406	0.1283728331
1557.94416	0.1275612265
1556.94426	0.1062264889
1555.94436	0.0849037021
1554.94446	0.0643508583
1553.94456	0.0471866243
1552.94466	0.0362054147
1551.94476	0.0274497960
1550.94486	0.0217766780
1549.94496	0.0184113327
1548.94506	0.0176215079
1547.94516	0.0199657809
1546.94526	0.0250668563
1545.94536	0.0343464725
1544.94546	0.0464439094
1543.94556	0.0631151646
1542.94566	0.0817399547
1541.94576	0.0990014002
1540.94586	0.1147000641
1539.94596	0.1135131046
1538.94606	0.1077782512
1537.94616	0.0869821310
1536.94626	0.0649766997
1535.94636	0.0512032695
1534.94646	0.0388116650
1533.94656	0.0358884819
1532.94666	0.0327843353
1531.94676	0.0283190925
1530.94686	0.0244359002
1529.94696	0.0226531550
1528.94706	0.0227727648
1527.94716	0.0274680648
1526.94726	0.0331137218
1525.94736	0.0404552929
1524.94746	0.0491110906
1523.94757	0.0594473891
1522.94767	0.0684975460
1521.94777	0.0757762492
1520.94787	0.0763025433
1519.94797	0.0712482482
1518.94807	0.0626337379
1517.94817	0.0520323589
1516.94827	0.0434130691
1515.94837	0.0358309932
1514.94847	0.0305488426
1513.94857	0.0262376256
1512.94867	0.0259132627
1511.94877	0.0269919932
1510.94887	0.0373520367
1509.94897	0.0492869541
1508.94907	0.0694686398
1507.94917	0.0885321125
1506.94927	0.0949838981
1505.94937	0.0971570462
1504.94947	0.0781820118
1503.94957	0.0588278808
1502.94967	0.0391216129
1501.94977	0.0246316306
1500.94987	0.0229080357
1499.94997	0.0248842221
1498.95007	0.0331514813
1497.95017	0.0394046567
1496.95027	0.0425849669
1495.95037	0.0411150753
1494.95047	0.0349026918
1493.95057	0.0295536667
1492.95067	0.0251818188
1491.95077	0.0252734050
1490.95087	0.0279660672
1489.95097	0.0295046829
1488.95107	0.0302662347
1487.95117	0.0266535748
1486.95127	0.0216395892
1485.95137	0.0159814972
1484.95147	0.0103514884
1483.95157	0.0073675658
1482.95167	0.0048137791
1481.95177	0.0046417713
1480.95187	0.0047374801
1479.95197	0.0066506853
1478.95207	0.0091849370
1477.95217	0.0148708690
1476.95227	0.0215140190
1475.95237	0.0312707387
1474.95247	0.0403172970
1473.95257	0.0473678373
1472.95267	0.0501970910
1471.95277	0.0453590304
1470.95287	0.0375951715
1469.95297	0.0261593480
1468.95307	0.0184446685
1467.95317	0.0148229012
1466.95327	0.0151754459
1465.95337	0.0185138918
1464.95347	0.0195939261
1463.95357	0.0192748364
1462.95367	0.0182784088
1461.95377	0.0174855273
1460.95387	0.0257160328
1459.95397	0.0370178670
1458.95407	0.0533028431
1457.95417	0.0697443038
1456.95427	0.0709213316
1455.95437	0.0695582181
1454.95447	0.0520840846
1453.95457	0.0346430056
1452.95467	0.0217806529
1451.95477	0.0107841240
1450.95487	0.0092670107
1449.95497	0.0084606465
1448.95507	0.0097958101
1447.95517	0.0103726294
1446.95527	0.0090563213
1445.95537	0.0072065615
1444.95547	0.0044626687
1443.95557	0.0023824202
1442.95567	0.0013133421
1441.95577	0.0023162649
1440.95587	0.0056183073
1439.95597	0.0122705065
1438.95607	0.0214522891
1437.95617	0.0289361160
1436.95627	0.0349956602
1435.95637	0.0331647582
1434.95647	0.0278036073
1433.95657	0.0205714796
1432.95667	0.0130254393
1431.95677	0.0103341425
1430.95687	0.0086686704
1429.95697	0.0082392078
1428.95707	0.0078976974
1427.95717	0.0067640990
1426.95727	0.0057541151
1425.95737	0.0061143311
1424.95747	0.0069577820
1423.95757	0.0103060771
1422.95767	0.0146970591
1421.95777	0.0225601792
1420.95787	0.0299215298
1419.95797	0.0358384736
1418.95807	0.0379009508
1417.95817	0.0330136791
1416.95827	0.0261307396
1415.95837	0.0167325400
1414.95847	0.0096641332
1413.95857	0.0051052524
1412.95867	0.0026547753
1411.95877	0.0018651852
1410.95887	0.0015908031
1409.95897	0.0016437443
1408.95907	0.0023192375
1407.95917	0.0032845403
1406.95927	0.0046967245
1405.95937	0.0061960686
1404.95947	0.0067082783
1403.95957	0.0070353881
1402.95967	0.0075146258
1401.95977	0.0081024403
1400.95987	0.0106437085
1399.95997	0.0132289659
1398.96007	0.0158134662
1397.96017	0.0182299037
1396.96027	0.0197476689
1395.96037	0.0207455270
1394.96047	0.0199400112
1393.96057	0.0182480682
1392.96067	0.0144678252
1391.96077	0.0114464508
1390.96087	0.0098725948
1389.96097	0.0099932821
1388.96107	0.0123348059
1387.96117	0.0136292614
1386.96127	0.0137482183
1385.96137	0.0117848199
1384.96147	0.0082334420
1383.96157	0.0052695014
1382.96167	0.0027275481
1381.96177	0.0018038133
1380.96187	0.0016028691
1379.96197	0.0020810300
1378.96207	0.0027911565
1377.96217	0.0042031910
1376.96227	0.0057594469
1375.96237	0.0075364099
1374.96247	0.0092564942
1373.96258	0.0091345869
1372.96268	0.0088224243
1371.96278	0.0070360373
1370.96288	0.0053472742
1369.96298	0.0042335703
1368.96308	0.0033581364
1367.96318	0.0033112010
1366.96328	0.0036678102
1365.96338	0.0050022728
1364.96348	0.0066408101
1363.96358	0.0087750517
1362.96368	0.0100428052
1361.96378	0.0100969486
1360.96388	0.0090082772
1359.96398	0.0067685009
1358.96408	0.0047477162
1357.96418	0.0029355313
1356.96428	0.0019662867
1355.96438	0.0014984228
1354.96448	0.0012956698
1353.96458	0.0012035497
1352.96468	0.0010711967
1351.96478	0.0009302028
1350.96488	0.0008720160
1349.96498	0.0008290870
1348.96508	0.0007651111
1347.96518	0.0006965864
1346.96528	0.0005695603
1345.96538	0.0004788751
1344.96548	0.0007650675
1343.96558	0.0012216204
1342.96568	0.0025736447
1341.96578	0.0040071676
1340.96588	0.0056887357
1339.96598	0.0069452706
1338.96608	0.0071487660
1337.96618	0.0067825327
1336.96628	0.0054113036
1335.96638	0.0040213489
1334.96648	0.0026268943
1333.96658	0.0016119723
1332.96668	0.0009930675
1331.96678	0.0006560427
1330.96688	0.0005381200
1329.96698	0.0005066691
1328.96708	0.0005237617
1327.96718	0.0005242812
1326.96728	0.0005201033
1325.96738	0.0005725681
1324.96748	0.0006490755
1323.96758	0.0008872368
1322.96768	0.0011661689
1321.96778	0.0016967652
1320.96788	0.0022470700
1319.96798	0.0026913814
1318.96808	0.0030863087
1317.96818	0.0030184276
1316.96828	0.0029106734
1315.96838	0.0026070727
1314.96848	0.0023214098
1313.96858	0.0021002316
1312.96868	0.0018700354
1311.96878	0.0016144223
1310.96888	0.0013631183
1309.96898	0.0011194610
1308.96908	0.0009261730
1307.96918	0.0008008254
1306.96928	0.0007000575
1305.96938	0.0006251211
1304.96948	0.0005715702
1303.96958	0.0005364409
1302.96968	0.0005411700
1301.96978	0.0005686189
1300.96988	0.0005945906
1299.96998	0.0006182396
1298.97008	0.0006250443
1297.97018	0.0006262093
1296.97028	0.0006250882
1295.97038	0.0006246078
1294.97048	0.0006354228
1293.97058	0.0006507863
1292.97068	0.0007295077
1291.97078	0.0008147651
1290.97088	0.0009490526
1289.97098	0.0010778812
1288.97108	0.0011757074
1287.97118	0.0012403250
1286.97128	0.0011912474
1285.97138	0.0011249603
1284.97148	0.0010204662
1283.97158	0.0009578225
1282.97168	0.0009706729
1281.97178	0.0010175873
1280.97188	0.0011071818
1279.97198	0.0011577578
1278.97208	0.0011684058
1277.97218	0.0011712880
1276.97228	0.0011716415
1275.97238	0.0012541079
1274.97248	0.0013848252
1273.97258	0.0015576780
1272.97268	0.0017458206
1271.97278	0.0018756023
1270.97288	0.0019872223
1269.97298	0.0020252545
1268.97308	0.0020493192
1267.97318	0.0020188901
1266.97328	0.0019782055
1265.97338	0.0018086148
1264.97348	0.0016343434
1263.97358	0.0014554301
1262.97368	0.0012926728
1261.97378	0.0012203578
1260.97388	0.0011312799
1259.97398	0.0009812037
1258.97408	0.0007991556
1257.97418	0.0005397453
1256.97428	0.0003100846
1255.97438	0.0001346603
1254.97448	0.0000216233
1253.97458	-0.0000089736
1252.97468	-0.0000073954
1251.97478	0.0000244201
1250.97488	0.0000397759
1249.97498	0.0000397196
1248.97508	0.0000066600
1247.97518	-0.0000455182
1246.97528	-0.0000562412
1245.97538	-0.0000482965
1244.97548	0.0000393954
1243.97558	0.0001481964
1242.97568	0.0002498440
1241.97578	0.0003442633
1240.97588	0.0003642216
1239.97598	0.0003687783
1238.97608	0.0002766157
1237.97618	0.0001764956
1236.97628	0.0000669578
1235.97638	-0.0000296148
1234.97648	-0.0000381324
1233.97658	-0.0000384975
1232.97668	-0.0000058458
1231.97678	0.0000093425
1230.97688	-0.0000119667
1229.97698	-0.0000379720
1228.97708	-0.0000678611
1227.97718	-0.0000877927
1226.97728	-0.0000935678
1225.97738	-0.0001087205
1224.97748	-0.0001335560
1223.97759	-0.0001774564
1222.97769	-0.0002342398
1221.97779	-0.0002527173
1220.97789	-0.0002482512
1219.97799	-0.0002251746
1218.97809	-0.0001950136
1217.97819	-0.0002097353
1216.97829	-0.0002374541
1215.97839	-0.0002757864
1214.97849	-0.0003174985
1213.97859	-0.0003096715
1212.97869	-0.0002984384
1211.97879	-0.0002758191
1210.97889	-0.0002559164
1209.97899	-0.0002618674
1208.97909	-0.0002679707
1207.97919	-0.0002752185
1206.97929	-0.0002837258
1205.97939	-0.0002995185
1204.97949	-0.0003182117
1203.97959	-0.0003471592
1202.97969	-0.0003580468
1201.97979	-0.0003402031
1200.97989	-0.0003037610
1199.97999	-0.0002453926
1198.98009	-0.0001992555
1197.98019	-0.0001655314
1196.98029	-0.0001493228
1195.98039	-0.0001402727
1194.98049	-0.0001177585
1193.98059	-0.0000826017
1192.98069	-0.0000391673
1191.98079	0.0000114553
1190.98089	0.0000617573
1189.98099	0.0001125418
1188.98109	0.0001650687
1187.98119	0.0002119536
1186.98129	0.0002122911
1185.98139	0.0001956419
1184.98149	0.0001193448
1183.98159	0.0000254995
1182.98169	-0.0000626809
1181.98179	-0.0001593123
1180.98189	-0.0001862338
1179.98199	-0.0002202550
1178.98209	-0.0002323701
1177.98219	-0.0002448786
1176.98229	-0.0002431176
1175.98239	-0.0002254044
1174.98249	-0.0001782915
1173.98259	-0.0001329782
1172.98269	-0.0001016667
1171.98279	-0.0000999851
1170.98289	-0.0001284678
1169.98299	-0.0001720864
1168.98309	-0.0002262767
1167.98319	-0.0002791698
1166.98329	-0.0003286082
1165.98339	-0.0003300901
1164.98349	-0.0003083468
1163.98359	-0.0002362695
1162.98369	-0.0001484523
1161.98379	-0.0001034200
1160.98389	-0.0000656117
1159.98399	-0.0001011877
1158.98409	-0.0001412946
1157.98419	-0.0001777432
1156.98429	-0.0002091518
1155.98439	-0.0002032385
1154.98449	-0.0001909696
1153.98459	-0.0001714074
1152.98469	-0.0001573962
1151.98479	-0.0001768491
1150.98489	-0.0001961243
1149.98499	-0.0002212636
1148.98509	-0.0002278186
1147.98519	-0.0002049587
1146.98529	-0.0001620828
1145.98539	-0.0000949508
1144.98549	-0.0000290459
1143.98559	0.0000346338
1142.98569	0.0000769679
1141.98579	0.0001033159
1140.98589	0.0001144973
1139.98599	0.0001177769
1138.98609	0.0001232629
1137.98619	0.0001297002
1136.98629	0.0001219373
1135.98639	0.0001099360
1134.98649	0.0000774666
1133.98659	0.0000426057
1132.98669	0.0000321338
1131.98679	0.0000240039
1130.98689	0.0000550760
1129.98699	0.0000840350
1128.98709	0.0001049975
1127.98719	0.0001244168
1126.98729	0.0001469194
1125.98739	0.0001766107
1124.98749	0.0002385157
1123.98759	0.0002997992
1122.98769	0.0003640739
1121.98779	0.0003953486
1120.98789	0.0003723182
1119.98799	0.0003048230
1118.98809	0.0001819888
1117.98819	0.0000680805
1116.98829	-0.0000353351
1115.98839	-0.0000814490
1114.98849	-0.0000854627
1113.98859	-0.0000734457
1112.98869	-0.0000529787
1111.98879	-0.0000233483
1110.98889	0.0000093875
1109.98899	0.0000724804
1108.98909	0.0001417168
1107.98919	0.0001625714
1106.98929	0.0001726816
1105.98939	0.0001332474
1104.98949	0.0000885011
1103.98959	0.0000631218
1102.98969	0.0000329126
1101.98979	-0.0000347916
1100.98989	-0.0001008820
1099.98999	-0.0001509341
1098.99009	-0.0001808799
1097.99019	-0.0001398556
1096.99029	-0.0000857609
1095.99039	-0.0000013266
1094.99049	0.0000448609
1093.99059	0.0000236169
1092.99069	-0.0000124791
1091.99079	-0.0000664703
1090.99089	-0.0000952775
1089.99099	-0.0000990015
1088.99109	-0.0000940483
1087.99119	-0.0000834482
1086.99129	-0.0001158302
1085.99139	-0.0001722852
1084.99149	-0.0002493886
1083.99159	-0.0003343389
1082.99169	-0.0003823388
1081.99179	-0.0004198027
1080.99189	-0.0003988410
1079.99199	-0.0003700729
1078.99209	-0.0003284574
1077.99219	-0.0002869707
1076.99229	-0.0002285818
1075.99239	-0.0001708058
1074.99249	-0.0001109803
1073.99260	-0.0000503581
1072.99270	0.0000178031
1071.99280	0.0000861256
1070.99290	0.0001560981
1069.99300	0.0002179637
1068.99310	0.0002605123
1067.99320	0.0002828358
1066.99330	0.0002698636
1065.99340	0.0002389959
1064.99350	0.0001849942
1063.99360	0.0001263417
1062.99370	0.0000631885
1061.99380	0.0000102731
1060.99390	-0.0000346764
1059.99400	-0.0000801613
1058.99410	-0.0001250317
1057.99420	-0.0001551884
1056.99430	-0.0001778771
1055.99440	-0.0001628099
1054.99450	-0.0001354890
1053.99460	-0.0001129894
1052.99470	-0.0000885014
1051.99480	-0.0001067686
1050.99490	-0.0001244346
1049.99500	-0.0001543039
1048.99510	-0.0001777374
1047.99520	-0.0001868058
1046.99530	-0.0001950409
1045.99540	-0.0002265883
1044.99550	-0.0002699586
1043.99560	-0.0003653111
1042.99570	-0.0004479544
1041.99580	-0.0005021242
1040.99590	-0.0005145977
1039.99600	-0.0004543023
1038.99610	-0.0003945155
1037.99620	-0.0003356162
1036.99630	-0.0003295362
1035.99640	-0.0003739458
1034.99650	-0.0004119296
1033.99660	-0.0004455721
1032.99670	-0.0003776563
1031.99680	-0.0002560710
1030.99690	-0.0000912090
1029.99700	0.0000884853
1028.99710	0.0001573725
1027.99720	0.0001954259
1026.99730	0.0000864152
1025.99740	-0.0000460727
1024.99750	-0.0001608047
1023.99760	-0.0002719362
1022.99770	-0.0002569763
1021.99780	-0.0002365893
1020.99790	-0.0001822518
1019.99800	-0.0001402721
1018.99810	-0.0001637029
1017.99820	-0.0001978129
1016.99830	-0.0002677862
1015.99840	-0.0003434329
1014.99850	-0.0004325672
1013.99860	-0.0005373983
1012.99870	-0.0006696550
1011.99880	-0.0007970614
1010.99890	-0.0009181574
1009.99900	-0.0009910814
1008.99910	-0.0010170201
1007.99920	-0.0010036333
1006.99930	-0.0009614819
1005.99940	-0.0009044076
1004.99950	-0.0008385921
1003.99960	-0.0007551567
1002.99970	-0.0006638037
1001.99980	-0.0005774081
1000.99990	-0.0004920756
1000.00000	-0.0004287197
